0.000000000000000000e+00
0.000000000000000000e+00
0.000000000000000000e+00
0.000000000000000000e+00
2.590089899999966860e+00
5.006348644285679939e+00
7.171729765285689950e+00
9.440496549985695651e+00
1.161663329927570487e+01
1.376692902377870098e+01
1.539213603093079996e+01
1.673078093593727544e+01
1.754183236944179214e+01
1.776456837289495638e+01
1.699348357531218312e+01
1.466872421700423956e+01
1.122639266618868703e+01
8.012760580617793948e+00
4.989218120718163618e+00
1.996738398788423297e+00
0.000000000000000000e+00
0.000000000000000000e+00
0.000000000000000000e+00
0.000000000000000000e+00
0.000000000000000000e+00
0.000000000000000000e+00
0.000000000000000000e+00
0.000000000000000000e+00
7.582996005832427500e-01
4.033095434693976244e+00
6.865452518571501628e+00
9.403102477285756322e+00
1.179745744838574240e+01
1.377050592815572827e+01
1.546963986399471480e+01
1.661703361908200804e+01
1.757020924764312042e+01
1.800043218763589437e+01
1.720058824563083988e+01
1.543769748622730731e+01
1.372367395464482343e+01
1.173185748253708027e+01
9.761585952061679450e+00
7.971395880728877614e+00
6.235262830795932132e+00
4.377969695842864439e+00
2.354864501375729446e+00
3.146908652487212521e-01
0.000000000000000000e+00
0.000000000000000000e+00
0.000000000000000000e+00
0.000000000000000000e+00
2.729545893720157324e+00
5.343967839889828042e+00
7.750063202208593793e+00
1.016632995583172772e+01
1.229571668336792811e+01
1.412828739264325861e+01
1.589108688913599110e+01
1.706204653668090998e+01
1.770771828996235797e+01
1.778168851725935440e+01
1.699646767636725997e+01
1.540281308774279978e+01
1.336025487570567805e+01
1.155246412727969130e+01
9.747010603381497162e+00
7.850193136652762860e+00
5.916420909942644357e+00
4.007780351245557426e+00
2.083731960157606977e+00
1.278980863960299530e-01
0.000000000000000000e+00
0.000000000000000000e+00
0.000000000000000000e+00
0.000000000000000000e+00
1.730419431372126837e+00
3.813579316246190842e+00
6.294791235658038886e+00
8.688639579246341782e+00
1.085633341975814403e+01
1.301571910811641430e+01
1.469828908996719008e+01
1.536908807726274517e+01
1.588064736836963675e+01
1.579173887214444960e+01
1.508450292478683252e+01
1.395043776163649341e+01
1.217259214743125995e+01
1.040010021748759073e+01
8.646355866527031253e+00
6.899734820854632744e+00
5.254100088883959074e+00
3.742155776504475284e+00
2.326794757838840155e+00
1.141042044772902386e+00
3.080151456267401500e-01
0.000000000000000000e+00
2.178274213570858819e-01
7.957649092356717802e-01
2.217321150750692027e+00
4.442410519811190284e+00
6.926973078153551455e+00
9.221166868993194043e+00
1.108810252258095375e+01
1.286595748009237639e+01
1.432945595035037911e+01
1.538690487953097374e+01
1.577311912995739362e+01
1.565646910525589419e+01
1.465681408796483254e+01
1.321305557586109103e+01
1.132642461738846862e+01
9.405782946457648563e+00
7.719333776806067249e+00
6.079819358049959988e+00
4.431159264920680130e+00
3.004097199730182410e+00
1.552153754096835314e+00
2.297933421534992249e-01
0.000000000000000000e+00
0.000000000000000000e+00
0.000000000000000000e+00
9.995523814484101877e-01
2.506972381299604535e+00
4.426166381195429267e+00
6.783602181122503794e+00
9.102807241071459998e+00
1.102625078303573503e+01
1.282566126241071913e+01
1.420224859797322381e+01
1.518385973286696355e+01
1.532198752729259184e+01
1.514567698339052981e+01
1.411625960265908475e+01
1.247166743614707229e+01
1.080745291958865550e+01
9.219502757997773301e+00
7.765937644884147062e+00
6.250442065704618244e+00
4.805595160278940625e+00
3.395202326480969646e+00
2.071927342822391438e+00
8.336348542613905011e-01
0.000000000000000000e+00
0.000000000000000000e+00
1.142767550116587927e-01
7.712794427938689523e-01
2.122181324241424250e+00
4.054812641254713412e+00
6.211654563164003662e+00
8.387443908500515022e+00
1.052849645023607650e+01
1.254923322945096231e+01
1.432074897490139165e+01
1.567780999671668951e+01
1.660975271198739733e+01
1.689911261267688758e+01
1.631566454315952797e+01
1.490525089449737095e+01
1.339896134043387121e+01
1.186755865258942322e+01
1.027357677109830547e+01
8.686789454054533621e+00
7.123038332123883265e+00
5.557412546772425799e+00
4.305474497026409608e+00
3.321117862204204130e+00
2.608068217828659385e+00
1.994933466765772323e+00
1.913739141021750356e+00
2.642903113000940607e+00
3.831317893386369633e+00
5.650208239656180353e+00
7.811431482045037455e+00
9.999287751717233164e+00
1.219978714048777135e+01
1.436713671262715764e+01
1.621428141312472349e+01
1.736328270347301839e+01
1.816458360671683181e+01
1.835649423898749433e+01
1.738383168157696446e+01
1.557196789138959048e+01
1.355066323825842289e+01
1.150874998106661451e+01
9.563410701032339034e+00
7.796673205008346486e+00
6.175956957791555624e+00
4.666455584739807705e+00
3.279804623603581604e+00
1.967148950808223162e+00
7.722899798514646363e-01
0.000000000000000000e+00
9.672209012693144814e-02
8.579911773745578785e-01
2.452879538447902519e+00
4.520301391199254226e+00
6.915496688125188030e+00
9.354133395973335041e+00
1.166417909146704801e+01
1.376421107831264123e+01
1.553723346910456371e+01
1.706034914265890734e+01
1.802753011414695550e+01
1.837155679418857801e+01
1.762837547021771911e+01
1.596514854343810441e+01
1.427588969469238123e+01
1.260740850057037221e+01
1.106147166468497289e+01
9.571315879565190698e+00
8.144206829981342821e+00
6.740230495272655276e+00
5.388447060976574221e+00
4.184198656969314811e+00
3.152224774164224641e+00
2.228843056200673800e+00
1.993475853626179628e+00
2.473718811824042518e+00
3.187888882562546655e+00
3.906807932079487955e+00
4.836051266741350219e+00
6.134521601004664149e+00
7.670450834988969291e+00
9.498601298777984425e+00
1.133330662343030326e+01
1.286660035068692309e+01
1.394290595976656277e+01
1.442631988612231453e+01
1.396370963457133030e+01
1.314488245848563963e+01
1.196570343522566304e+01
1.063027811894367858e+01
8.993480397546278482e+00
7.049721992568109386e+00
5.083091109083383685e+00
3.271449490644073421e+00
1.835300357736571186e+00
7.939959647013097310e-01
0.000000000000000000e+00
0.000000000000000000e+00
9.693061589244678089e-02
1.111371454104244094e-01
6.370817160730126716e-01
1.935242915536818487e+00
3.668955755161491084e+00
5.722554742898765312e+00
7.850074034314843630e+00
9.930337538306091005e+00
1.137452199109998219e+01
1.089145110805570482e+01
7.952301489924693101e+00
5.267896757232989557e+00
3.211813444348806001e+00
1.811555125329874727e+00
8.283743020166269844e-01
2.421477256973503245e-01
0.000000000000000000e+00
0.000000000000000000e+00
0.000000000000000000e+00
0.000000000000000000e+00
7.193976825794834440e-02
0.000000000000000000e+00
0.000000000000000000e+00
0.000000000000000000e+00
1.474757383583522596e-01
3.625187311365607457e-01
1.281048826081303105e+00
2.611019892542628895e+00
3.961999639065552969e+00
5.471685461631594194e+00
6.276465537427824870e+00
3.713811590485192937e+00
2.225953827625346548e+00
1.550453393623456577e+00
1.827603089822133597e+00
2.294607877161212173e+00
2.087511228298566834e+00
1.510543574094711516e+00
7.496662161520077916e-01
1.060520655921237676e-01
0.000000000000000000e+00
0.000000000000000000e+00
1.426585849809214324e-02
0.000000000000000000e+00
2.853902706640809583e-01
2.910589037505673105e-01
4.360269469111131002e-01
6.395045771234890708e-01
9.589389182721532734e-01
1.668542957076212474e+00
2.876265784239066647e+00
4.648671763253062750e+00
6.537355948562861840e+00
8.384434878279719783e+00
1.018439012908150687e+01
1.193635880464276511e+01
1.357973687753565173e+01
1.487710152856067225e+01
1.567725678427818536e+01
1.568536546328043357e+01
1.463804153858201573e+01
1.309491479129312097e+01
1.139072606819090083e+01
9.354793962019343212e+00
7.389641487699250888e+00
5.564034755675194788e+00
3.980110043258349606e+00
2.772362744566564174e+00
1.893939635482311701e+00
1.189043459123325874e+00
5.306161356720338063e-01
0.000000000000000000e+00
5.600190647894009999e-02
5.744870488209699033e-01
2.116426648460389970e+00
4.173784368207989814e+00
6.162934772031306352e+00
8.539340054707622585e+00
1.067682375258105765e+01
1.266806234109245111e+01
1.423592935305042317e+01
1.551343626142100618e+01
1.618269109728042565e+01
1.624616948238200109e+01
1.551660435195312004e+01
1.418690876065288364e+01
1.274612184674272441e+01
1.106257100700561580e+01
9.251085419189635672e+00
7.464045507718452654e+00
5.841117569688620392e+00
4.522068013067737979e+00
3.508733323433133933e+00
2.757399040688895298e+00
2.006465042767942464e+00
1.264811244223267295e+00
9.826535852420050787e-01
1.583143223955104872e+00
2.735485971054274046e+00
4.643125894023711453e+00
6.839473840102314739e+00
9.237917402357325614e+00
1.141182789593584346e+01
1.336256524144080515e+01
1.511508138329428164e+01
1.656684268259171233e+01
1.755607559209991564e+01
1.797553862875565756e+01
1.731816275441467212e+01
1.566999964237596998e+01
1.416228546394889065e+01
1.263588553904993717e+01
1.093140559162065983e+01
9.087269628420173717e+00
7.268374454179834743e+00
5.785147832211592345e+00
4.584889196833827896e+00
3.543708152069385164e+00
2.664881420734275252e+00
1.983702708799697234e+00
1.869877610445499272e+00
2.717200041597564564e+00
4.171325743404011632e+00
6.353213734668528900e+00
8.537535328553687464e+00
1.070556044427330278e+01
1.273017802527702713e+01
1.477141033197962372e+01
1.650927294667144452e+01
1.781877677695571549e+01
1.884042945815471626e+01
1.914458633499401685e+01
1.860749614878152158e+01
1.728053301843277723e+01
1.564065882718865907e+01
1.358974689331778052e+01
1.162010853960815382e+01
9.521361692011424793e+00
7.509238898693709530e+00
5.749752943371305491e+00
4.122112774645628974e+00
2.337764656537643759e+00
9.027209738620598500e-01
3.031903959891479872e-01
9.725189914781111611e-01
2.662049008320394705e+00
5.203720020109997790e+00
7.690889728362705569e+00
1.040390852413959522e+01
1.311902168118342615e+01
1.555360089111410105e+01
1.774080633806558183e+01
1.933485015093162929e+01
2.032468081993785347e+01
2.068156228824221898e+01
2.086237931605526796e+01
2.001395123552440225e+01
1.807905157915278949e+01
1.634362181969265748e+01
1.438482098807057241e+01
1.231166040593511468e+01
1.032344799844030092e+01
8.283699313193920943e+00
6.444875233521457858e+00
4.896698377750723807e+00
3.530974578711223444e+00
2.328967919383572394e+00
1.364563257854214839e+00
9.774799947836640968e-01
1.654521710634270448e+00
3.559450911729697964e+00
5.993901352496507684e+00
8.811016661033264086e+00
1.159899737700899891e+01
1.424658387819199845e+01
1.655589442902011399e+01
1.845141181459979407e+01
1.988627398450556427e+01
2.066267750343961040e+01
2.078015996669343224e+01
1.982139769097111071e+01
1.798626409796548842e+01
1.633567058286155316e+01
1.439125512228879700e+01
1.245416429988786433e+01
1.038120072420721840e+01
8.330126221230770511e+00
6.465374069147244995e+00
4.917047562688779294e+00
3.671219008167852849e+00
2.562139020003201040e+00
1.614783028287959610e+00
1.218633834087285095e+00
1.679329398146805374e+00
3.003816292988474856e+00
4.965957119377648610e+00
7.230455697850075580e+00
9.706604702780765592e+00
1.221090900623225650e+01
1.450392201864829644e+01
1.641803112733951764e+01
1.801590750342337799e+01
1.914042096668207193e+01
1.959758039096315940e+01
1.873559198795992131e+01
1.728320010585765942e+01
1.571752578838606951e+01
1.368555376615596231e+01
1.172317335059489096e+01
9.893507059702145057e+00
8.351740656077211611e+00
6.855504173539756607e+00
5.454138635763541743e+00
4.296182759320188893e+00
3.371613645809844684e+00
2.613415266352603794e+00
2.340676400732533580e+00
3.076759194798484032e+00
4.465017150644655430e+00
6.402797719736966542e+00
8.719244118101585173e+00
1.106975659695682168e+01
1.341111533215548945e+01
1.560506644679455235e+01
1.735683222704189177e+01
1.885906827321502988e+01
2.000063350553622854e+01
2.038572916816107750e+01
1.945829613199846619e+01
1.773809300668463607e+01
1.584095081896495572e+01
1.389495128756117026e+01
1.205275161557852925e+01
1.034021184519068015e+01
8.859434005919183619e+00
7.591889518429141503e+00
6.485608377186110829e+00
5.447211578315986458e+00
4.441333819106901615e+00
3.617219387660540519e+00
3.022339285648087071e+00
3.511923214239374147e+00
5.000631964253273054e+00
7.005728089263001834e+00
9.351295376769812151e+00
1.165019247802457869e+01
1.378142044890292084e+01
1.560028002851775852e+01
1.698748173424813501e+01
1.789852292825941049e+01
1.840725176406729702e+01
1.831336194913281190e+01
1.753063907867867499e+01
1.609173306936078518e+01
1.435849886283826038e+01
1.256323491827249939e+01
1.088355015707647055e+01
9.386770824239235367e+00
8.084025291253183809e+00
6.881103418162936691e+00
5.760058106999764505e+00
4.546326389185551875e+00
3.315714186715595702e+00
2.313285644986621037e+00
2.154585665776338033e+00
3.159495680329158063e+00
5.053932690516120374e+00
7.343038597646994958e+00
9.920412732638610009e+00
1.240557462713273651e+01
1.461318795327862574e+01
1.645851728158075389e+01
1.792124781139223444e+01
1.900215918226028577e+01
1.978579714186791705e+01
1.998634371359325712e+01
1.942172631380098835e+01
1.816549413394641022e+01
1.658713160804821030e+01
1.492427783991945489e+01
1.323228020222931889e+01
1.151688185584623625e+01
9.770103013378076184e+00
8.013357823650366640e+00
6.363636190840978202e+00
4.725831047874393676e+00
3.126367447797790078e+00
1.844742927744164263e+00
1.568605763706628409e+00
2.743309748880349730e+00
4.726602538501950335e+00
7.017907491237068029e+00
9.434820958151661330e+00
1.171166038499187323e+01
1.370144798378002804e+01
1.532829930293172538e+01
1.660809522633792312e+01
1.758495237272225609e+01
1.834375237519128632e+01
1.864391237691960157e+01
1.829002437812943072e+01
1.728030277897630640e+01
1.588049765956913006e+01
1.424963407598410470e+01
1.243902956747457722e+01
1.067960641151790924e+01
8.878010202348249891e+00
7.220892855929491816e+00
5.724910713436358378e+00
4.182723213691161845e+00
2.614191963869529900e+00
1.288220088994378898e+00
8.490397765817760956e-01
1.486613557892951576e+00
2.943915204810778619e+00
4.759026357653254991e+00
6.776604164642989758e+00
8.833908629535812906e+00
1.082302175496077723e+01
1.260240094275825129e+01
1.410296637421647858e+01
1.528236217623724258e+01
1.617993923765178010e+01
1.652024318064195541e+01
1.615245594073508073e+01
1.505800487280026800e+01
1.353888912524590182e+01
1.185450810195784754e+01
1.014144138565619357e+01
8.480294684245052395e+00
6.873491993257246691e+00
5.331730109565782527e+00
3.898496790981766935e+00
2.409233467972953235e+00
8.537491418667713106e-01
0.000000000000000000e+00
0.000000000000000000e+00
5.117159556572516976e-01
1.703486883245787453e+00
3.455726532557761743e+00
5.459294287076147612e+00
7.560791715239005839e+00
9.664839914953020639e+00
1.161167365475283475e+01
1.324745727261269224e+01
1.449150580511458486e+01
1.541633977786592880e+01
1.579072355879186773e+01
1.555479220544002317e+01
1.469064025809372254e+01
1.342273389495132108e+01
1.192919944075163130e+01
1.028072532281184692e+01
8.631793440254000416e+00
7.036541122463503939e+00
5.514864500010162374e+00
4.044690864292817878e+00
2.424569319290682756e+00
8.854842377891856131e-01
0.000000000000000000e+00
0.000000000000000000e+00
9.797710935594778903e-01
2.253125479777352780e+00
3.870473550129858609e+00
5.731617199376614735e+00
7.697417753849336464e+00
9.592478141980251394e+00
1.125202041367188599e+01
1.256070000385604146e+01
1.344977571698494501e+01
1.405412871617517112e+01
1.413517581560832070e+01
1.379290878521153729e+01
1.303732186393379777e+01
1.204341101903936817e+01
1.090067342761327041e+01
9.674757113615001458e+00
8.408615693816201997e+00
7.114316699957058177e+00
5.773307404255646702e+00
4.381600897264661398e+00
2.816406342370981974e+00
1.261770153945391826e+00
3.852482204749207995e-02
0.000000000000000000e+00
8.042771628010285667e-01
2.085279728246433706e+00
3.725981524058212813e+00
5.660472781126458131e+00
7.731616661074227181e+00
9.748417377037668530e+00
1.159517787821208401e+01
1.306491022903416876e+01
1.393772287460963355e+01
1.433569172651245083e+01
1.410726992284442360e+01
1.347937466027680387e+01
1.250584797647947255e+01
1.132337929782134722e+01
1.001265122276065256e+01
8.606141570218170500e+00
7.213584813438430388e+00
5.818795083692606340e+00
4.497442272870543434e+00
3.140495305295090134e+00
1.794632427992283397e+00
4.895284138803077667e-01
0.000000000000000000e+00
5.836892280134975408e-02
7.201439602466592760e-01
1.873386486458372246e+00
3.250656254806571610e+00
4.775745092650311108e+00
6.371307279140921764e+00
7.803200809684355477e+00
9.000526281064750833e+00
1.001565411103103997e+01
1.092424359200744277e+01
1.186025622869091478e+01
1.238346507436935440e+01
1.230871126634426105e+01
1.164738360072669821e+01
1.061145423479440808e+01
9.352303678641803231e+00
7.942898289334976880e+00
6.530314516820197923e+00
5.160505876059843899e+00
3.913639827527603643e+00
2.638833593555034440e+00
1.311469229774232303e+00
3.131417512767598055e-02
0.000000000000000000e+00
0.000000000000000000e+00
6.288007620657936059e-01
1.515446247731759399e+00
2.889098087697945516e+00
4.741654375674272615e+00
6.836443777257699139e+00
8.788796358366099071e+00
1.044044316514198556e+01
1.164159592988509928e+01
1.212540286520527388e+01
1.205606771992940196e+01
1.146153311823628940e+01
1.064335889705111526e+01
9.749636942221499680e+00
8.785031573840754504e+00
7.734807815974235723e+00
6.630651185467669961e+00
5.521741544113083933e+00
4.511504795164867687e+00
3.627339070901115292e+00
2.873423063916490605e+00
1.481681859027247583e+00
4.144630156047810488e-01
0.000000000000000000e+00
4.318687764595097178e-02
2.085165286378725114e-01
1.011247284332227991e+00
2.407158813318275747e+00
4.272296883608504459e+00
6.405893532811674618e+00
8.559411187253871844e+00
1.047487354536342252e+01
1.192369719604010925e+01
1.275187375151378433e+01
1.289959734034535188e+01
1.240600385252744786e+01
1.139448841105492249e+01
1.003542760202415707e+01
8.508085035702620758e+00
6.967945239277540281e+00
5.514847381779986790e+00
4.197678881531700767e+00
3.011660931357909021e+00
1.938448366236244169e+00
9.591995706510800801e-01
9.072541374146680937e-02
0.000000000000000000e+00
0.000000000000000000e+00
0.000000000000000000e+00
5.541781718369662713e-01
1.208210434571583392e+00
2.500033018485822822e+00
4.292308827225795653e+00
6.374901893343761117e+00
8.492717039626342057e+00
1.038018764202415412e+01
1.180941706370261102e+01
1.262087765887754642e+01
1.275690007549998484e+01
1.441811576713570275e+01
1.464196675128070524e+01
1.375466244018220152e+01
1.241054942241325421e+01
1.083067030997499103e+01
9.124754931268199698e+00
7.438614166173451281e+00
5.820315630607126423e+00
4.201506655710701921e+00
2.552340373283200847e+00
1.136923975583940205e+00
