3.530362703042085881e-01
5.906712499999999810e-01
3.810192343750000155e-01
2.811738226689411424e-01
2.539956271100312635e-01
1.725888902618273602e-01
1.429855070658113958e-01
7.450552851238861907e-02
1.356090741904489305e-01
2.067211299813936642e-01
-2.612154509741204667e-01
-4.656111620908250925e-01
-4.416955297705350003e-01
-4.313887071119424932e-01
-2.141254308374999082e-01
-1.402467410293120886e-01
1.036150016948474972e-01
2.444336853269499787e-01
4.224259152092524894e-01
5.068618140432998853e-01
4.651355328356587271e-01
4.311153513342000365e-01
4.189645549299764737e-01
3.615752180625000367e-01
4.334823056976276900e-01
4.922243613876500223e-01
2.725908412500000488e-01
2.620026331415500898e-01
1.587564225000900331e-01
1.373572947236461061e-01
8.840353912633609756e-02
9.801132597589987117e-02
1.112528102782999739e-01
5.637556660043237938e-02
-2.205628293374999882e-01
-6.882683707547515573e-01
-6.684754226195777083e-01
-5.322047348104255171e-01
-4.585431645413550750e-01
-7.190189993753114128e-02
8.754706251101393444e-02
3.304080296807411221e-01
4.938442549503486712e-01
5.363184752919174514e-01
4.846778317558214644e-01
4.755461557182765198e-01
4.953214113223177173e-01
4.013082496092889029e-01
5.547982794118500038e-01
3.282733172324523996e-01
3.207380974034736987e-01
2.021768429369684428e-01
1.677569698374918317e-01
1.470545372934136397e-01
1.512909129731999924e-01
3.022851089181000095e-01
1.375820739529926284e-01
9.841618433100132735e-02
-7.452434521854003902e-02
-3.631472292514804634e-01
-1.942249722151500324e-01
-5.906291147414978807e-03
5.445586204531037700e-01
1.519128824428223334e-01
2.215442279930114056e-01
5.166965443694999660e-01
5.946000486447212685e-01
6.008809536313963751e-01
5.581115845530313369e-01
5.575209982991500279e-01
1.001858546000000239e+00
7.278322729653624590e-01
1.084185511396942525e+00
4.322457896609274153e-01
3.909203296517837489e-01
2.490355467220242147e-01
1.973047435138280681e-01
1.818331850463049959e-01
1.472331466307000014e-01
1.084075793122000059e-01
2.265810624999984972e-03
-2.825622345478432385e-01
-5.845376688251636699e-01
-1.071878161081014635e-01
9.713834105796223528e-02
-5.593278452849567012e-02
-2.856616266907416879e-01
-3.483421892437499889e-01
2.289025785623499953e-01
1.863738887899439312e-01
2.691935437442500301e-01
2.825708527734473452e-01
2.533394335856298807e-01
2.806114019676000382e-01
4.078466206866837584e-01
5.034982757109000007e-01
1.019556371685437446e+00
4.432846052286925631e-01
3.602729296777273382e-01
2.363970700000000424e-01
1.813718120649337739e-01
1.964008653750000111e-01
1.725912438077587541e-01
1.430635168462500162e-01
1.411660747854613929e-01
-2.350915350306406401e-02
3.653435579939144917e-01
-1.566022059224999041e-01
-3.711274271951544024e-01
-5.422182531493275892e-01
-2.627879321951943070e-01
-1.733798901125250258e-01
6.002816388998920977e-03
2.891229656635124767e-01
4.282963873888798734e-01
4.508404338750000018e-01
4.562176519902901295e-01
8.217121931669914003e-01
3.935961937071500438e-01
3.763237869177499806e-01
5.003327892633201435e-01
1.994767338501098330e-01
2.010657330877675397e-01
1.147409201250620958e-01
9.562617173693763184e-02
1.197112060140438916e-01
9.618615975677359542e-02
1.745557294741026944e-01
1.944883863473776120e-01
1.046814219330001287e-02
-5.854383185625001706e-01
-9.412552500974998848e-01
-4.984504154416452004e-01
-5.608597117499999340e-01
-1.465247098682493920e-01
3.110885179220048823e-03
1.537441932643689169e-01
2.101975191284500555e-01
3.048587929176074240e-01
4.617030287446500791e-01
4.770219303829373314e-01
9.543960464999999838e-01
4.954873600023351199e-01
4.872362996866888563e-01
5.407037279001637442e-01
5.886926973553585629e-01
6.001298130780062801e-01
3.337939763036499863e-01
5.849956641442239924e-01
-2.805378282180914437e-02
2.187004285561500172e-01
1.931607781317238592e-01
-5.456048803424994736e-03
-1.239483025418399997e-01
1.993190644704072659e-02
-2.065586249025001264e-01
-5.147122612615571136e-01
-6.194018987943750165e-01
-1.608570651942536622e-01
-2.728618129546439564e-02
2.264420778994835903e-01
4.258338255843263087e-01
5.467670337727499330e-01
5.299809857105163280e-01
6.472895422499999052e-01
1.344913638224549679e+00
4.706831236250000328e-01
4.808682659409801441e-01
3.631520269479838747e-01
2.677589518597500717e-01
2.721684196836000047e-01
1.856633442491424923e-01
1.909956571597999919e-01
1.580062962817873617e-01
2.394331956250000115e-01
2.294157726250000418e-01
3.577274372641514599e-02
1.614596355521037696e-01
-7.092603370000114538e-01
-7.652054694374998967e-01
-4.537547837339130918e-01
-3.168051915799992013e-01
-1.830880243201928603e-01
-5.083044052412150071e-02
8.628399096683486702e-02
2.867843679457500183e-01
5.194026356886087825e-01
6.010873750083088884e-01
7.043376644399376163e-01
1.245765932937499931e+00
5.874062462068374568e-01
4.757125008368363051e-01
5.024839820538037349e-01
3.721337822905463888e-01
2.598134932920863061e-01
2.484583021664123481e-01
2.212403956535914096e-01
2.442673214986062769e-01
2.074117102009500058e-01
2.806606588923312717e-01
-1.928120925259208408e-03
1.197354167749999643e-01
-1.499387336405637872e-01
-2.675409250277350770e-01
2.197704594960000202e-01
9.196545854993194713e-02
-2.611866322432574924e-02
1.586198022499999971e-01
1.134262063670500031e-01
3.297308713541188818e-01
5.303102804999999531e-01
5.716430748911075499e-01
6.422387291314500812e-01
9.927108724606000800e-01
6.627158052751499495e-01
6.202167603960350162e-01
4.157190825657773869e-01
3.305969145584123914e-01
2.507162033260823542e-01
2.045430134424000290e-01
1.904520019641499917e-01
2.176615639275500391e-01
1.847925087269451372e-01
4.118122153495999971e-01
3.023413010164500703e-01
1.741079167749999546e-01
-3.298759803435805105e-01
-6.558103606684048126e-01
2.962251235282916673e-01
-3.117015536292900291e-01
-2.392103811654899548e-01
-9.624055353617247399e-02
-4.628303003094652417e-03
3.059330069026000021e-01
5.551571368810499507e-01
7.505522106304224339e-01
7.855990106706649545e-01
1.106868750000000068e+00
4.639673275615176506e-01
3.600595656400135680e-01
2.984517927939889237e-01
3.924734776377550860e-01
2.946404066770534347e-01
3.001952728125000247e-01
5.686232973145618486e-01
-7.655366515472948608e-02
2.719584903666500408e-01
2.890116178499549937e-01
1.283038887483051727e-01
-2.696557500000000274e-01
-3.176103517450609148e-01
-4.654645592330385884e-01
-3.417404744666406313e-01
-2.928057304414050099e-01
-1.482236097264728047e-01
1.099699829614750046e-01
1.472387208590301422e-01
1.880013341292612883e-01
3.204831549571223182e-01
6.051257490162273989e-01
6.163354901537499986e-01
8.406016667749999227e-01
3.911759003243325261e-01
3.393343026044500221e-01
2.795804668168251350e-01
1.329679286817061490e-01
1.218913880660904142e-01
1.513586185081499946e-01
1.046955435119423655e-01
1.587673817277726329e-01
4.371983728738762509e-01
2.061314406064225779e-01
-4.415046291063000339e-02
-2.577363750000001286e-01
-3.148327552347450209e-01
-5.015202503476230422e-01
-1.279272272456253579e-01
-3.398247233713081461e-01
-2.942929816486188344e-01
-2.132333825730818588e-01
-2.458694946631495570e-02
2.085486245840237618e-01
3.646030550712473506e-01
5.685965986168499686e-01
5.228050892937500249e-01
6.218044663456500087e-01
3.389120507019975359e-01
2.882058666805988878e-01
1.899568848125000042e-01
1.012895020642986116e-01
1.400315208054999927e-01
1.144639563560176237e-01
1.285323471250000016e-01
1.429577488088401294e-01
2.277417797905436359e-01
2.022692981285348635e-01
2.766127957306186436e-01
4.076075298615008252e-02
-3.882627075285461360e-01
-3.572057127937949828e-01
-2.777175240955156443e-01
-1.346749238423170514e-01
-8.549705341978217077e-02
-6.494622465014776580e-02
7.932861417435889406e-02
5.209686909374999786e-01
5.788354997848889072e-01
8.033770301446497841e-01
7.838637643287588164e-01
9.123117464502000784e-01
4.955524810367901711e-01
4.506166058772624883e-01
2.022512043944001969e-01
1.512830526073912774e-01
2.247224253755241985e-01
1.757539021400662260e-01
1.474462546236550153e-01
2.224895327476087703e-01
2.430319632438188993e-01
4.454503625607750261e-01
2.358588683750000581e-01
-8.564915930714087078e-02
-3.744614542500001031e-01
-3.647173968444599179e-01
-3.608995088509424076e-01
-2.976875703317587996e-01
-9.715483952792997036e-02
-1.561169609999996620e-02
2.668290917500000248e-01
6.123227070209563694e-01
3.592550330664351921e-01
4.350189677945999756e-01
6.178202284107000564e-01
7.163850148393500206e-01
2.969827964999999237e-01
1.940807206645999705e-01
1.638444559375000220e-01
1.644514593045761364e-01
2.920213801429348277e-01
4.670188887547999657e-01
3.036378624937227100e-01
4.685168395660838092e-01
2.969311761587762888e-01
1.706942430432324131e-01
-1.915676610340855471e-02
-1.997024744754037351e-01
-3.187094658981861062e-01
-1.827574826800497376e-02
-7.292325933063106835e-02
-2.592676417499995695e-02
-1.261026402570528115e-01
-5.897683596064848266e-02
2.099476445625000631e-01
7.275604437453974116e-01
4.915948605723539089e-01
4.743593812463500203e-01
8.252025460038500126e-01
6.133908427142811259e-01
4.108034759058701857e-01
4.275023514775487254e-01
4.047535064393774085e-01
2.621023548970773942e-01
5.302566455403262546e-01
5.570837682340613606e-01
3.425530614465863155e-01
1.253879184212499942e-01
2.374437552960037556e-01
5.697717740000000086e-01
8.471756502379624854e-01
2.254425134610674175e-01
-3.386783984611950182e-01
-2.205245061740197104e-02
-2.697672378016833794e-01
-2.454574100256383951e-01
4.450440995000000122e-01
4.196990052796064075e-01
2.234965197619176447e-01
5.440231274327099742e-01
4.958199320462439164e-01
6.850259098061926011e-01
8.203558442700072950e-01
6.183094567020237520e-01
4.782419557090987761e-01
5.169202093153637545e-01
3.081492022428986011e-01
1.992910758796226367e-01
2.115412037081999819e-01
2.617638282308076825e-01
2.154693200479711190e-01
2.856529743958312606e-01
1.510755268548201191e-01
7.304917481623736386e-02
1.410127469375624942e-01
6.230767090004888514e-02
1.182378348114953848e-01
-1.663113015380824344e-01
-1.688555086824474472e-01
-2.122180272624508701e-01
-2.016854062373644174e-01
-1.004629899922594993e-01
1.293331016610474171e-01
3.669209865513763935e-01
4.502235178257801285e-01
9.579157087262262227e-01
7.852848363749999061e-01
7.003913125830398823e-01
5.082042218929500033e-01
4.043249126488812628e-01
2.396954591095000198e-01
1.996676321869626791e-01
2.644667008526999652e-01
3.245256515812999787e-01
2.536066726665249238e-01
3.349783962886663802e-01
1.822047784489211064e-01
1.903599368576587569e-01
-1.380487872015000173e-02
-1.961298199168425016e-02
-3.050876871400499679e-01
-3.767879798182427464e-01
-3.928282872775267220e-01
-4.772251597387803246e-01
-2.718195651266683277e-01
-2.445023134125000330e-01
2.100013409573638079e-02
3.247392558697252407e-01
3.160057696249999881e-01
4.793810427863311463e-01
2.997459273329036167e-01
2.357296363452000276e-01
1.915262872936399907e-01
2.317335287120301235e-01
1.738437576031189036e-01
1.594114828329998845e-01
2.456887933343523955e-01
2.244946954830239205e-01
3.331039321679863940e-01
2.096623582933425101e-01
1.354594528865535885e-01
2.348998810840000062e-02
-9.261371716987147618e-02
-2.107384220755778859e-01
-3.149031817111039300e-01
-3.830166521999999740e-01
-3.634314212981901160e-01
-5.544635206079249201e-01
-3.275139208037578520e-01
-3.514466536770105010e-01
3.948261324609879386e-02
2.218885585677261574e-01
3.081603248314012666e-01
4.385225801507064980e-01
2.484937381875000073e-01
2.244769320183726824e-01
2.235510665983073686e-01
2.083048827469499986e-01
1.760122557497525164e-01
1.847643471731798825e-01
2.793975730823550219e-01
2.126667942868674110e-01
3.033100886873536517e-01
1.533124266454949924e-01
1.363106777196323727e-01
1.954627355159999080e-02
-9.151186513068110262e-02
-1.836270550565683446e-01
-3.130289255637675461e-01
-3.932083744874999565e-01
-3.921391911758018711e-01
-6.032251775513250980e-01
-5.145160554976891953e-01
-3.801779154195456534e-01
3.957958322500004095e-02
2.136094603621336574e-01
3.211008379129037249e-01
3.898616785955938413e-01
2.299704330625000070e-01
2.219619292688114476e-01
2.285923509593100200e-01
2.161803672469500004e-01
1.977158849638598614e-01
2.492653581641238736e-01
2.598466722747498348e-01
2.159503316014500240e-01
2.134728248791500083e-01
1.972848694107098566e-01
1.344923843956936371e-01
2.833353752164112158e-02
-8.815781866049224313e-02
-2.206728987600150294e-01
-3.107649235890859174e-01
-3.782802118355100274e-01
-3.617137107230848914e-01
-5.812890472295549893e-01
-3.950589009447449396e-01
-2.316161249999999783e-01
1.737541600186274793e-01
3.303915614324325900e-01
3.469173822801500107e-01
3.959776230034999234e-01
2.671871062789786255e-01
2.586939062114063104e-01
2.527471558057500234e-01
2.663360992500000135e-01
2.636327326686786487e-01
2.596723936186326465e-01
3.260496183750000165e-01
2.088510173750000309e-01
2.094791507760250249e-01
1.995907028418500151e-01
1.442190534819000058e-01
5.727649629214500576e-02
-6.544258629188612342e-02
-2.471191385625000347e-01
-3.177671133129332248e-01
-3.906958587187500109e-01
-3.639874733238217530e-01
-7.239721904889196979e-01
-5.093936160010221759e-01
-3.330551249999999519e-01
8.955845891755372101e-02
2.773304121890737828e-01
3.353805470436811431e-01
3.972258328368362679e-01
2.410307797566663690e-01
2.424351513308725115e-01
2.829958394614498496e-01
3.605238716139110844e-01
2.212579859111713509e-01
3.262660005422648446e-01
3.095925030490801477e-01
1.987842180712999784e-01
2.301897149667036790e-01
1.980456585486098930e-01
1.246285074443500007e-01
5.139804475000000344e-02
-1.089907756915477477e-01
-3.152045161867557677e-01
-3.172667144184450061e-01
-3.781993883087249042e-01
-4.698747003296296909e-01
-7.975326670854210320e-01
-4.967543081323776422e-01
-3.147104999025000516e-01
3.431637106830395800e-02
2.149264501649423842e-01
3.414268934374999898e-01
3.116141855176001729e-01
2.489208353746251157e-01
2.509843699586924992e-01
2.430533527939000016e-01
2.990781665171339809e-01
2.183179451380500014e-01
2.708580565631363291e-01
2.575384676804311490e-01
1.759677562247010940e-01
1.891249932991500293e-01
1.652858545568099968e-01
1.143560274264848325e-01
4.261316095215984812e-02
-1.100344596895349858e-01
-1.825897334612355816e-01
-3.540178696230000255e-01
-5.221794123491546591e-01
-5.430449280266660406e-01
-9.076010110125333208e-01
-5.093738259749795994e-01
-3.602505083251961726e-01
-1.955173252499997974e-02
1.860787446272949841e-01
3.208081948544886375e-01
3.351303294132499944e-01
2.416847416329499787e-01
2.818851241105738703e-01
2.360068801781500247e-01
2.937632566394174916e-01
2.445002500993325167e-01
2.828796030193737598e-01
2.174337479816450258e-01
1.395376247597274189e-01
1.812308319685913827e-01
1.899824077161000047e-01
1.320367543649589026e-01
1.552129872959485957e-02
-8.969160156664501837e-02
-1.834097361245550228e-01
-4.502871587264108966e-01
-5.384023402342040798e-01
-6.027589852153593108e-01
-9.006172499025001388e-01
-4.226038180103114938e-01
-2.686905460687500358e-01
-4.041625799304107702e-02
1.662335532898401858e-01
2.789207281655437520e-01
2.963685507909749606e-01
2.827830619606999663e-01
2.253023550391923813e-01
3.394080302997999898e-01
2.399702758684823523e-01
2.717068114971000203e-01
2.868941765013188205e-01
2.112914012054001311e-01
1.448483537743003036e-01
1.530358224880500329e-01
2.072271225332500133e-01
1.348848817858000204e-01
2.044459835810000237e-02
-9.620981729031809204e-02
-2.152450276905971405e-01
-5.134301180843399148e-01
-5.980831316994148494e-01
-6.123462932489390775e-01
-7.516344932789387201e-01
-3.874899875527799686e-01
-2.958894740089711428e-01
1.499294323473511492e-02
1.225262854151212555e-01
3.078140969829214479e-01
3.189135290791513255e-01
2.451398495875000139e-01
2.993538072543000528e-01
2.510693021074326126e-01
2.536800930075374105e-01
2.467471993212886072e-01
2.687193017393500472e-01
2.144619160911000189e-01
1.421756240036194108e-01
1.513219655355811377e-01
1.620979557225762369e-01
1.359913138308725122e-01
4.352246983205876329e-02
-1.216255686069398906e-01
-2.278406728299599837e-01
-5.833407701539000678e-01
-5.585805866113469076e-01
-7.827519063828531909e-01
-6.465015760645235199e-01
-3.981854397145165314e-01
-2.184302122911099819e-01
-9.486267337681882073e-03
1.675756915226062627e-01
2.785441878422901807e-01
3.134557155831562691e-01
3.141838944187612670e-01
2.445167802703651361e-01
3.628110915425525884e-01
2.106498808215439278e-01
3.310671013363751802e-01
2.043256804127999982e-01
2.191102727638676306e-01
1.756510187908450482e-01
1.483248705724500016e-01
1.708268580898262556e-01
1.313422066149864120e-01
2.786985775610786864e-01
-1.118304853633001195e-01
-4.991718717796382321e-01
-6.830783790036139003e-01
-7.703628538886335697e-01
-8.124577588483783419e-01
-6.003290475639360135e-01
-4.530349906876798838e-01
-1.975016906936550021e-01
-7.536687047864883311e-03
1.702576565065500036e-01
2.848457229156825532e-01
3.300519297070051983e-01
2.950973624006824059e-01
2.914743687385075721e-01
3.926836875000000449e-01
2.866672707795251407e-01
2.748951292358998710e-01
2.017905127654500141e-01
2.144497089018376490e-01
1.514520890743693837e-01
1.415188605622000051e-01
1.428766988361862833e-01
1.092259409246500029e-01
4.197175515189998513e-02
-1.327260217122888664e-01
-3.630885179432939425e-01
-8.309388750974999738e-01
-9.369575553000600854e-01
-6.153997464961042940e-01
-6.067831360500000049e-01
-3.013184726385849665e-01
-1.794640719103594573e-01
2.517004770044998369e-02
1.156800939432750946e-01
3.249333866419999994e-01
2.761947823027298687e-01
2.646960711985688053e-01
3.927168553025738307e-01
3.390766702104925368e-01
2.099953185868687622e-01
2.385072620724000558e-01
1.732670947189000055e-01
1.026187922159331745e-01
1.352003050687499985e-01
1.240654002880336032e-01
1.105486768750000015e-01
1.273347015013287509e-01
1.634298656250000523e-02
-1.415310774075450306e-01
-3.771746919279899690e-01
-8.699193749025000422e-01
-1.021439305584757484e+00
-5.084744715712307128e-01
-6.301362617132848509e-01
-2.985406865777912588e-01
-1.722448820187663932e-01
-1.094388746850003891e-03
1.525302115958999949e-01
3.295156930763663561e-01
3.094749257345923987e-01
3.517594048075101121e-01
4.385262959216001399e-01
4.599645407500000394e-01
1.927674801632124901e-01
2.295728358984711059e-01
1.908943921623277862e-01
1.441844475741187181e-01
1.060111709724866624e-01
1.238033701269950076e-01
1.307692468149876386e-01
1.150287041134176458e-01
1.571918567773124970e-02
-1.612001628179999813e-01
-4.375527060150595782e-01
-7.719172499024999912e-01
-9.626971917351948571e-01
-5.658670107991349285e-01
-8.962112250000000557e-01
-5.135969975490000117e-01
-4.097754364769999880e-01
-4.671936081603000196e-02
1.075210439354686437e-01
3.289844800041638040e-01
3.044428825537500161e-01
3.866875654155124131e-01
4.828339424597976048e-01
4.885337838038087965e-01
2.152932517242913679e-01
