2.300000000000000355e+01
2.253849999999999909e+01
2.272028333333332739e+01
2.390086499999999958e+01
2.543893883333333150e+01
2.112654289761904280e+01
1.837119907595237578e+01
2.281317268649999619e+01
2.624922088054999492e+01
2.305040699733737597e+01
2.087790394575520736e+01
1.946881847631435747e+01
1.841245864770576901e+01
2.343372105339403433e+01
2.643360473737582339e+01
2.158947569711546421e+01
1.719025203559987602e+01
1.961650975825324750e+01
2.088489016411060817e+01
2.128608978154408859e+01
2.130359618041419978e+01
2.123251732628993693e+01
2.083276212840295472e+01
2.061793348988206631e+01
2.018255344291744535e+01
1.985778741004221004e+01
2.035711785369621651e+01
2.199164916425402083e+01
2.428415441497780947e+01
2.048986047143684885e+01
1.813385471095817181e+01
2.274536496433739075e+01
2.631675547503617096e+01
2.302934788014436762e+01
2.090482923038677399e+01
1.939433284222312182e+01
1.842031870384190029e+01
2.355922309268933645e+01
2.654478949821587008e+01
2.201397169637015949e+01
1.857573256841148890e+01
2.168134613122137111e+01
2.353527562518829086e+01
2.460469293763180687e+01
1.913257077062798217e+01
1.494541858705863824e+01
1.756512634427438257e+01
1.905225510765873764e+01
1.982991190869444509e+01
2.020093833608610723e+01
2.107399016859361041e+01
2.272179311801552615e+01
2.472692184927753090e+01
2.076146434211332092e+01
1.830564408709837565e+01
2.294561752763553031e+01
2.643693226934487228e+01
2.311847163616046075e+01
2.106221585959803733e+01
1.958783681600433724e+01
1.845910481882208387e+01
2.341137337317546141e+01
2.641296136122282334e+01
2.198169200047502159e+01
1.836480344795155872e+01
2.157536241356608997e+01
2.352275368949626255e+01
2.453426091598071324e+01
1.895326835547221478e+01
2.069062118216389123e+01
2.158010149418138468e+01
2.186440437926030000e+01
2.187508306548221171e+01
2.185922481250421612e+01
2.227979070208628443e+01
2.330752015812706190e+01
2.466193077735561445e+01
2.025430392510131128e+01
1.773729846185663206e+01
2.229277558996631470e+01
2.575494291297642135e+01
2.258274575336920975e+01
2.045720774164416156e+01
1.868766446676996296e+01
2.342469846007230316e+01
2.649228892205060504e+01
2.232888795972113982e+01
1.905950728609051836e+01
1.622427414788241151e+01
1.989865857018435946e+01
2.218572766579572075e+01
2.349834269939033859e+01
2.418217322290656668e+01
1.850847363698697734e+01
2.029093154589088144e+01
2.143031874879028464e+01
2.222622312415319357e+01
2.280668952024056395e+01
2.337634933083506183e+01
2.421844453158454158e+01
1.942053021972822435e+01
1.674532353476213942e+01
2.134005980766682953e+01
2.486470853203344689e+01
2.152458168670912642e+01
1.944815956164876880e+01
1.811633074077318284e+01
2.315476485187456390e+01
2.648500206297886095e+01
2.264878715837091505e+01
1.945343672514535527e+01
1.680335808855413049e+01
2.041401732865455543e+01
2.260814546339151931e+01
2.395403515770739489e+01
2.464115794372850843e+01
1.889142960822900008e+01
2.066733405909363697e+01
2.165880050803221124e+01
2.218282702228921366e+01
2.251297891560244935e+01
2.267741857425505003e+01
2.319585966864520188e+01
2.419043510138497410e+01
1.948259028525519909e+01
1.666709891396435594e+01
2.121196923977504767e+01
2.476504513450920086e+01
2.146648397510882589e+01
1.940915783019523033e+01
1.803402952875570620e+01
2.303382067012899981e+01
2.622867446909029709e+01
2.236102450931558749e+01
1.915033620413996474e+01
1.638952105718368912e+01
2.012433140669525145e+01
2.250369865135333924e+01
2.397925572261400617e+01
2.473547900582980219e+01
1.909912101836657783e+01
1.493200376047565570e+01
1.778073596566629533e+01
1.960151517596640858e+01
2.080772728984315734e+01
2.169540910289021696e+01
2.254178637202315372e+01
2.366091712708287176e+01
2.493930865562467858e+01
2.043013510655631748e+01
1.772038028887514116e+01
2.214593286887926382e+01
2.558715300821548055e+01
2.233362615336988810e+01
2.025449068831130006e+01
1.886409586277029504e+01
2.383320043727253790e+01
2.710990697275744665e+01
2.301455392854926174e+01
1.959114013093686069e+01
1.690641713927485057e+01
2.071449199749239511e+01
2.309014439824467502e+01
2.449143441210460992e+01
1.926828980275894310e+01
1.535042190955031138e+01
1.847362867001855591e+01
2.059987340234632214e+01
2.207491138164242983e+01
2.304410463381636731e+01
2.391587324367145584e+01
2.496277793723668381e+01
2.011989693701806203e+01
1.727821357019835347e+01
2.173474949913884657e+01
2.522932464939719566e+01
2.209481296886374935e+01
2.024898812582367569e+01
1.914024406902894881e+01
1.828412322927264455e+01
2.363555292715751932e+01
2.717655371567692768e+01
2.308787331525956432e+01
1.959746370163407647e+01
1.673584363876290126e+01
2.033675721380070200e+01
2.257073004966049368e+01
2.390951103476234607e+01
2.463332439100030768e+01
1.897927945465259469e+01
2.079049561825681636e+01
2.186834693277977593e+01
2.246950951961251164e+01
2.281698999706209463e+01
2.330189299794346525e+01
2.424799176522709487e+01
1.954787994994467937e+01
1.678613501258032059e+01
2.133196117547288750e+01
2.493737282283102630e+01
2.184378002360076465e+01
1.994659839747291841e+01
1.878690459251675193e+01
2.408416654809506241e+01
2.178486896461892286e+01
1.999036065618562930e+01
1.818753817361565339e+01
2.224294338819762729e+01
2.479006037173833477e+01
2.035066130783588179e+01
1.703308196310416633e+01
2.043649070750625185e+01
2.260554349525437701e+01
2.389888044667806355e+01
2.459921631267464193e+01
1.899373713315796408e+01
2.091728265987724100e+01
2.215209786191406849e+01
2.324480183667318300e+01
2.436802795233788999e+01
1.941190528092224454e+01
1.606428607759795213e+01
1.991000025431856457e+01
2.296200017802299698e+01
2.544673345794942776e+01
2.165199913485031047e+01
1.930401844201426798e+01
1.779876529036236832e+01
2.269913570325365271e+01
2.597939499227755533e+01
2.187819554221333007e+01
1.873235592716837772e+01
2.214598248235120082e+01
2.425218773764584057e+01
1.938415046397113528e+01
1.553319103906551213e+01
1.845323372734585732e+01
2.025559694247543163e+01
2.142391785973280349e+01
2.222174250181296173e+01
2.273355308460240565e+01
2.308348715922168637e+01
2.343844101145517911e+01
2.392857537468529472e+01
2.455833609561303632e+01
1.956345431454817074e+01
1.652537040113610090e+01
2.081775928079526850e+01
2.420576482989002542e+01
2.095332109520873232e+01
1.866994381426516014e+01
2.219396066998561068e+01
2.321577246898992897e+01
2.358270739495961621e+01
2.374122850980506172e+01
2.387385995686354434e+01
2.396503530313781027e+01
2.408552471219647018e+01
1.817415301282323981e+01
1.991357377564293074e+01
2.113950164295005152e+01
2.201765115006503493e+01
2.267402247171219187e+01
2.315014906353186674e+01
2.346677101113897379e+01
2.366340637446394979e+01
2.385605112879143164e+01
2.434090245682066467e+01
1.915458410072684714e+01
1.590582791812783903e+01
1.981741287602282142e+01
2.286885567988264256e+01
2.486486564258451182e+01
1.857302499742821311e+01
2.029111749819975330e+01
2.169711558207315605e+01
2.309798090745120192e+01
2.423025330188250948e+01
1.877379635893680287e+01
2.066665745125576592e+01
2.179332688254569916e+01
2.252032881778198714e+01
2.294256350578072201e+01
2.333479445404650221e+01
2.362602278449922366e+01
2.387821594914945678e+01
2.417975116440462457e+01
1.852177819603561915e+01
2.059191140389160068e+01
2.209767131605745050e+01
2.325003658790688021e+01
2.432669227820148450e+01
1.952297030902674990e+01
1.667536493060443803e+01
2.099442211808977277e+01
2.430942881599617422e+01
2.095921921881636862e+01
1.888740583412383600e+01
2.362118408388668911e+01
2.701649552538734866e+01
2.338083258205686121e+01
2.052920185505885442e+01
1.794806034616024704e+01
2.164364224231217904e+01
2.388388290295185712e+01
2.498371803206629949e+01
1.950122167006545837e+01
1.541347421666487350e+01
1.833443195166541173e+01
2.032410236616578914e+01
2.169853832298272067e+01
2.261064349275457630e+01
2.315745044492820881e+01
2.339354864478307761e+01
2.368215071801482807e+01
2.437250550261037674e+01
1.955837289944630797e+01
1.673181341056479710e+01
2.101060272072869495e+01
2.455242190451009066e+01
2.134264771410945016e+01
1.937080578082900217e+01
1.808718309419935011e+01
2.324102816593954302e+01
2.672371971615768160e+01
2.298422284892942713e+01
1.993657504186964502e+01
1.734822157692780209e+01
2.120542177051612498e+01
2.353046190602794852e+01
2.480632333421956659e+01
1.945871204823941625e+01
1.550871748138664330e+01
1.859443557030398964e+01
2.070443823254612070e+01
2.215810676278228541e+01
2.305067473394759858e+01
2.355547231376331396e+01
2.404049728630099025e+01
1.887096714802974518e+01
2.161134367028748571e+01
2.414127390253457150e+01
2.043817744605991393e+01
1.832434325986098855e+01
2.307204028190269440e+01
2.663376153066522534e+01
2.338958545241804288e+01
2.124366219764501196e+01
1.972651591930388904e+01
1.851284685779843286e+01
2.308732613379223508e+01
2.562946162698790076e+01
2.125990885317724732e+01
1.793955524484312036e+01
2.121435533805685125e+01
2.314504873663979367e+01
2.420320078231452143e+01
1.887485959523921508e+01
2.100740171666745582e+01
2.238851453500055300e+01
2.327196017450038212e+01
2.385370545548359544e+01
2.446259381883851702e+01
1.945143472080601299e+01
1.642195668551658727e+01
2.090036967986161542e+01
2.440025877590313641e+01
2.125280019075124827e+01
1.933124584781159072e+01
1.833282447442049445e+01
2.375797713209434292e+01
2.760725065913270981e+01
2.440769450901194659e+01
2.193967187059407564e+01
1.979538935703490310e+01
1.776605826421014811e+01
2.190290745161377117e+01
2.429703521612964323e+01
1.972387703224313071e+01
1.612266630352257124e+01
1.925253307913246203e+01
2.124843982205938886e+01
2.242557454210823309e+01
2.289123551280909652e+01
2.311386485896636955e+01
2.349470540127645179e+01
2.436629378089351405e+01
1.970235802757784427e+01
1.719260300025687371e+01
2.178148876684648272e+01
2.553370880345920213e+01
2.266121521004049200e+01
2.094713636131406176e+01
2.001561450053889146e+01
1.939854919799627098e+01
1.889660348621643848e+01
2.431095577368484228e+01
2.211028808919843414e+01
2.002815404339128591e+01
1.782566021132628364e+01
2.202462881459507216e+01
2.455057350354988088e+01
1.997635383343729742e+01
1.647606673102515629e+01
1.961824671171761025e+01
2.158943936486899418e+01
2.282427422207495837e+01
2.353199195545247235e+01
2.389072770215006258e+01
2.407350939150504132e+01
1.840907562167257439e+01
2.092301960183746701e+01
2.347778038795289746e+01
2.587777960490036122e+01
2.222373143771596560e+01
2.011923105402022216e+01
1.903274745209987273e+01
1.852554226408895843e+01
2.427787958486226927e+01
2.241213475702263835e+01
2.097944671086822410e+01
1.973989841189347416e+01
1.829388126927781144e+01
2.258738355516113572e+01
2.538950182194612637e+01
2.096027032298134074e+01
1.753980827370598661e+01
2.069953245826085464e+01
2.257800605411592798e+01
2.365460423788114497e+01
2.427322296651680489e+01
1.866387512418081585e+01
2.055804592025989663e+01
2.178896547751525858e+01
2.279894250092734964e+01
2.391592641731581281e+01
2.525448182545439835e+01
2.081408965877046313e+01
1.820081514209170592e+01
2.281890393279752516e+01
2.647989941962493532e+01
2.339021530802316917e+01
2.139910309656859866e+01
2.014865788188373585e+01
1.927667956493766965e+01
1.848296140974208512e+01
2.322307298681945653e+01
2.606948442410695677e+01
2.180459147782725537e+01
1.829916641543146127e+01
2.149774982413535795e+01
2.348342487689474822e+01
2.472839741382632539e+01
1.941583057063081341e+01
1.550036711372728426e+01
1.861359031294242783e+01
2.072951321905969735e+01
2.214899258667511717e+01
2.328596147733924937e+01
2.459683970080413928e+01
2.004707350484860839e+01
1.739890383434640952e+01
2.203089935070915928e+01
2.567829621216307956e+01
2.266575972946653650e+01
2.086531752491228886e+01
1.972500798172431402e+01
1.908012463482607046e+01
1.867870629199730104e+01
2.412009440439810959e+01
2.131168513069773240e+01
1.875079863910746170e+01
2.252555904737522852e+01
2.482455799982932731e+01
2.021480964749958176e+01
1.675298580086875333e+01
2.012542339394146040e+01
2.235779637575902257e+01
2.379879079636465278e+01
2.466082022412192387e+01
1.915685987117106137e+01
1.523742095743879155e+01
1.843619467020715774e+01
2.117866960247834740e+01
2.373506872173484439e+01
2.605954810521438958e+01
2.225763605460245742e+01
1.996129761917410406e+01
1.864386071437425940e+01
2.385570250006198023e+01
2.756732508337672272e+01
2.417974660598275705e+01
2.173677500514031635e+01
1.977669488455060431e+01
1.800630546680447353e+01
2.222441382676312926e+01
2.477375634540085869e+01
2.028258182273298615e+01
1.690375965686547133e+01
2.031263175980583213e+01
2.255717556519741862e+01
2.396668956230486458e+01
2.479834936028007064e+01
1.918979693314843260e+01
1.505214356748961890e+01
1.802983383057606304e+01
2.041588368140324405e+01
2.270611857698226999e+01
2.497094967055425485e+01
2.113895048367369611e+01
1.899821771952397143e+01
2.383041907033344842e+01
2.747296001590007819e+01
2.423702439208243220e+01
2.206686945541008527e+01
2.057942766640610799e+01
1.955321841410331984e+01
1.864153860415803621e+01
2.356407702291062733e+01
2.653152058270410762e+01
2.226801678884525515e+01
1.897356413314405899e+01
2.232649489320084157e+01
2.437854642524058590e+01
1.955926821195412657e+01
1.588910679598693676e+01
1.903904142385752252e+01
2.097566233003359670e+01
2.207963029769018704e+01
2.276240787504979934e+01
2.358535217920152505e+01
2.492141319210773531e+01
2.054927494876113414e+01
1.799044484508517527e+01
2.260331139155962532e+01
2.615731797409173609e+01
2.291274162948326421e+01
2.077153818825733467e+01
1.935102911273251536e+01
1.840167275986513928e+01
2.373117093190559501e+01
2.733348631900058479e+01
2.358939280425279250e+01
2.054519401059600625e+01
1.802925485503624614e+01
2.185881173185870097e+01
2.416783487896775640e+01
1.955843679622980602e+01
1.601519147164658108e+01
1.926730069681927304e+01
2.135711048777349319e+01
2.254497734144144516e+01
2.310481747234234717e+01
2.337003889730630846e+01
2.382736056144775105e+01
2.467248572634675696e+01
1.987335905606177633e+01
1.695563705352896022e+01
2.128061260413694100e+01
2.466642882289585970e+01
2.138911922364614782e+01
1.931000250417135078e+01
1.799628746720566141e+01
2.310073456037730111e+01
2.671384752559744058e+01
2.313064564887059404e+01
2.028573766849512339e+01
1.782930208223229940e+01
2.164384479089594393e+01
2.396902468696049482e+01
2.529998394753901536e+01
2.002260781089636410e+01
1.608177784857983639e+01
1.904391116067255396e+01
2.092073781247078657e+01
2.196451646872955266e+01
2.241016152811068807e+01
2.262711306967748115e+01
2.296731248210756959e+01
2.372211873747529509e+01
2.485048311623270578e+01
2.019795722898194157e+01
1.737285577457307539e+01
2.173599904220115420e+01
2.514186599620747486e+01
2.183692524496428433e+01
1.967513338576071291e+01
1.821687908431820802e+01
2.317848202568941574e+01
2.649993741798258995e+01
2.259590857354019278e+01
1.947475504909718325e+01
1.692161424865374642e+01
2.075012997405762505e+01
2.309509098184033959e+01
2.446156368728823338e+01
1.922071362872080869e+01
1.532711858772361246e+01
1.832898301140652819e+01
2.010195477465124014e+01
2.111803500892253638e+01
2.177429117291244509e+01
2.248033715437204805e+01
2.353290267472709729e+01
2.484136520564229755e+01
2.020824135823532686e+01
1.737005466505044282e+01
2.170403826553530990e+01
2.502616011920805406e+01
2.158426446439802149e+01
1.925660417269766000e+01
1.761224196850741208e+01
2.240356937795518633e+01
2.556749856456863057e+01
2.160820137615042924e+01
1.855002667759101342e+01
2.210335200764703956e+01
2.434234640535292371e+01
1.972059486469942513e+01
1.625870211957531097e+01
1.956109148370271456e+01
2.163109737192523241e+01
2.282843482701433047e+01
2.333823771224335886e+01
2.344009973190368612e+01
2.343640314566591343e+01
2.367881553529947070e+01
2.436850420804296036e+01
1.944890532658245874e+01
1.641851944289343734e+01
2.068629694335873737e+01
2.407207452701778294e+01
2.080473788319816819e+01
1.875926889919109541e+01
2.337815489610043329e+01
2.652470842727030131e+01
2.265658161337492515e+01
1.966722617698149733e+01
1.731467737150609665e+01
2.132360749338759831e+01
2.385152524537131669e+01
2.535273433842658974e+01
2.017953308451765793e+01
1.633162554011473944e+01
1.935713787808031228e+01
2.128332984798955252e+01
2.239166422692602154e+01
2.294749829218154957e+01
2.313491547119374658e+01
2.330277416316896222e+01
2.368360858088494325e+01
2.445352600661945885e+01
1.942342058558600826e+01
1.621901345752925039e+01
2.023997608693714412e+01
2.334798326085600095e+01
2.569858828259919648e+01
2.149996417877181543e+01
1.865926063942598390e+01
2.273314911426485807e+01
2.575153771331873642e+01
2.183869544694216458e+01
1.885470586047856401e+01
2.237996076900166287e+01
2.452930587163449871e+01
1.978479982442986440e+01
1.617031225805328276e+01
1.935588524730396287e+01
2.137411967311277650e+01
2.262688377117894234e+01
2.328048530649192571e+01
2.349633971454435155e+01
2.345243780018104829e+01
2.344670646012673387e+01
2.368769452208871584e+01
2.430138616546209818e+01
1.915358936344251717e+01
1.596846493536214417e+01
2.018625878808682828e+01
2.358204781832744956e+01
2.622910013949587693e+01
2.228798914526616315e+01
1.955421144930535959e+01
1.744223372879946510e+01
2.168956361015962742e+01
2.435936119377840825e+01
2.005250521659726815e+01
1.685937269923713444e+01
2.038822755613265869e+01
2.265009262262619316e+01
2.402839816917166615e+01
1.885416443270588260e+01
2.105458176956078375e+01
2.249654057202588220e+01
2.343091173375145431e+01
2.360497154695934796e+01
2.367514674953821086e+01
2.375760272467674383e+01
2.396032190727372679e+01
2.436889200175827597e+01
1.908417678218317448e+01
1.584820946181393886e+01
2.002874662326975397e+01
2.341512263628883161e+01
2.615225251206884494e+01
2.234252913940057184e+01
1.973572277853278223e+01
1.780762499259200027e+01
2.217033749481440097e+01
2.489256957970341233e+01
2.047575108674476851e+01
1.702231147500705077e+01
2.023728469917160311e+01
2.222609928942012658e+01
2.340993616926074949e+01
2.407195531848252301e+01
1.843632110389014755e+01
2.030875810605643750e+01
2.149279734090617566e+01
2.221995813863432900e+01
2.267897069704403634e+01
2.303361282126415333e+01
2.342686230821824367e+01
2.397047028241944133e+01
2.473266253102694634e+01
1.977714948600457490e+01
1.680162368782225002e+01
2.113113658147557672e+01
2.452846227369957077e+01
2.117920930587541406e+01
1.889473222839850663e+01
2.314297922654562001e+01
2.587675212524860413e+01
2.270801220195973613e+01
1.996822758899086381e+01
1.747037835991265453e+01
2.127259818527219082e+01
2.357915206302386935e+01
2.486040644411670897e+01
1.953157022516741392e+01
1.555805153856957013e+01
1.845896941033203120e+01
2.020294525389908813e+01
2.127872834439603267e+01
