2.300000000000000355e+01
2.285500000000000398e+01
2.253849999999999909e+01
2.272028333333332739e+01
2.390086499999999958e+01
2.543893883333331729e+01
2.678130480238093369e+01
2.798429431404760592e+01
2.924472030554760948e+01
3.045368516626428246e+01
3.164829390209927951e+01
3.255118668385044600e+01
3.329487829774293317e+01
3.374546242746766467e+01
3.386920465160830673e+01
3.344082420850676840e+01
3.214929123166902514e+01
3.023688481454927057e+01
2.845153365589877481e+01
2.677178784484342344e+01
2.510929911043801255e+01
2.368222366302089554e+01
2.289755656411462681e+01
2.199828959488024083e+01
2.143380271641616375e+01
2.075366190149131995e+01
2.025756333104392226e+01
2.063696099839740938e+01
2.218753936554485762e+01
2.442127755587958049e+01
2.624060857482998799e+01
2.781414028809528105e+01
2.922394582071430946e+01
3.055414302688096839e+01
3.165028107119762879e+01
3.259424436888595267e+01
3.323168534393445128e+01
3.376122735980173672e+01
3.400024010424216669e+01
3.355588235868380309e+01
3.257649860345961912e+01
3.162426330813601538e+01
3.051769860140948865e+01
2.942310330670093421e+01
2.842855326707159946e+01
2.746403490599774244e+01
2.643220538657936913e+01
2.530825805631985048e+01
2.417482825847151418e+01
2.311809406664434263e+01
2.250266584665103764e+01
2.268519942598906169e+01
2.384963959819227952e+01
2.551641438540008977e+01
2.696887102216101795e+01
2.830559066789366440e+01
2.964796108657318285e+01
3.083095371298218268e+01
3.184904855146847780e+01
3.282838160507554903e+01
3.347891474260050870e+01
3.383762127220131077e+01
3.387871584292186355e+01
3.344248204242625633e+01
3.255711838207933084e+01
3.142236381983648741e+01
3.041803562626649438e+01
2.941500589076749961e+01
2.836121840925153492e+01
2.728690050552369328e+01
2.622654463958086524e+01
2.515762886675422649e+01
2.407105449244224005e+01
2.312211909709052193e+01
2.273215003463003470e+01
2.289083835757435637e+01
2.373525351696678598e+01
2.496134412854006968e+01
2.611865517569232864e+01
2.749710624203224540e+01
2.882702198847018948e+01
3.003129634431008199e+01
3.123095506006467659e+01
3.216571616109288101e+01
3.253838226514596954e+01
3.282258187131646565e+01
3.277318826230247595e+01
3.238027940265935456e+01
3.175024320090916419e+01
3.076255119301736585e+01
2.977783345415977223e+01
2.880353103695946260e+01
2.783318601158590866e+01
2.691894449382442289e+01
2.607897543139137753e+01
2.529266375435491199e+01
2.463391224709605609e+01
2.417111952534818897e+01
2.387049795345800973e+01
2.412101523408727033e+01
2.444209161624204185e+01
2.523184508375038604e+01
2.646800584433955095e+01
2.784831837675197264e+01
2.912287048277399748e+01
3.016005695698941835e+01
3.114775415560687577e+01
3.196080886130576815e+01
3.254828048862832190e+01
3.276284396108744090e+01
3.269803839180882932e+01
3.214267449331379822e+01
3.134058643103394104e+01
3.029245812077137145e+01
2.922543497025424841e+01
2.828851876489225958e+01
2.737767742113886626e+01
2.646175514717815602e+01
2.566894288873898944e+01
2.486230764116491088e+01
2.412766296786305631e+01
2.357674502988508891e+01
2.342205485425289879e+01
2.371710506464368962e+01
2.455530687858244931e+01
2.539276243405533506e+01
2.645898132288635196e+01
2.776866787840139139e+01
2.905711513392859047e+01
3.012569487946429803e+01
3.112536736800595705e+01
3.189013810998512355e+01
3.243547762937053847e+01
3.251221529294033274e+01
3.241426499077251577e+01
3.184236644592171572e+01
3.092870413119281991e+01
3.000414051088258560e+01
2.912194597666542961e+01
2.831440980271341701e+01
2.747246781428034268e+01
2.666977508904385630e+01
2.588622351471165217e+01
2.515107074601244008e+01
2.446313047458966139e+01
2.391323895126037868e+01
2.386926726588226799e+01
2.406348708611758980e+01
2.442848857932992956e+01
2.517898962457856982e+01
2.625267368958595426e+01
2.745091920175778100e+01
2.865969106027806390e+01
2.984916469457559884e+01
3.097179623858387032e+01
3.195597165272299733e+01
3.270989444262038148e+01
3.322764039554855486e+01
3.338839589593160184e+01
3.306425807953306872e+01
3.228069494138743067e+01
3.144386741135215146e+01
3.059308814032745971e+01
2.970754265061017207e+01
2.882599414114140757e+01
2.795724351784660300e+01
2.708745141487356989e+01
2.639193027612578391e+01
2.584506547900233642e+01
2.544892678768258776e+01
2.510829637042542828e+01
2.506318841167875178e+01
2.546827950722274636e+01
2.612850994077020772e+01
2.713900457758676765e+01
2.833968415669168905e+01
2.955515986206513190e+01
3.077765952249320591e+01
3.198174261812619790e+01
3.300793411840262337e+01
3.364626816859612291e+01
3.409143533706490814e+01
3.419805235499305240e+01
3.365768426754275566e+01
3.265109327299421693e+01
3.152814624347690398e+01
3.039374998948145290e+01
2.931300594501796652e+01
2.833148511389352819e+01
2.743108719877308843e+01
2.659247532485544951e+01
2.582211367977976835e+01
2.509286052822679025e+01
2.442904998880636924e+01
2.389104927787873933e+01
2.405373449451496271e+01
2.447666176520808889e+01
2.536271085469327957e+01
2.651127855066625472e+01
2.784194260451399572e+01
2.919674077554074287e+01
3.048009949525947349e+01
3.164678393239591259e+01
3.263179637172476077e+01
3.347797174592161440e+01
3.401529450785942288e+01
3.420642044121587588e+01
3.379354192789873679e+01
3.286952696857672862e+01
3.193104983038465861e+01
3.100411583365020718e+01
3.014526203593609566e+01
2.931739771086954960e+01
2.852455934998963727e+01
2.774457249737369935e+01
2.699358170054254202e+01
2.632455480942739712e+01
2.575123598564679384e+01
2.523824614233370767e+01
2.510748658534787836e+01
2.537428822879113710e+01
2.577104937920141481e+01
2.617044885115527109e+01
2.668669514818963862e+01
2.740806755611370349e+01
2.826136157499387380e+01
2.927700072154332389e+01
3.029628145746127998e+01
3.114811130593718147e+01
3.174605886653698050e+01
3.201462215895683983e+01
3.175761646365074142e+01
3.130271247693646686e+01
3.064761301956981399e+01
2.990571006607982341e+01
2.899637799863682375e+01
2.791651221809339489e+01
2.682393950504632585e+01
2.581747193924670825e+01
2.501961130985365145e+01
2.444110886927850501e+01
2.398949049420923885e+01
2.396264334594645717e+01
2.405385034216246964e+01
2.406174285856134887e+01
2.435393428670722926e+01
2.507513495307600948e+01
2.603830875286749702e+01
2.717919707938820295e+01
2.836115224128602463e+01
2.951685418794782834e+01
3.031917888394443494e+01
3.005080617114206021e+01
2.841794527218038624e+01
2.692660930957388388e+01
2.578434080241600412e+01
2.500641951407215302e+01
2.446020794556479316e+01
2.413452651427630613e+01
2.386321617904103221e+01
2.389591799199539324e+01
2.392714259439677704e+01
2.396899981607774066e+01
2.403996653792108162e+01
2.380869086225904496e+01
2.392775027024800139e+01
2.398609185584024672e+01
2.408193096575464054e+01
2.420139929507586629e+01
2.471169379226738982e+01
2.545056660696812756e+01
2.620111091059197506e+01
2.703982525646199875e+01
2.748692529857101619e+01
2.606322866138066274e+01
2.523664101534741633e+01
2.486136299645747627e+01
2.501533504990118573e+01
2.527478215397845318e+01
2.515972846016587283e+01
2.483919087449706353e+01
2.441648123119556146e+01
2.405891781421784614e+01
2.372195675566677764e+01
2.388036972896674470e+01
2.400792547694338452e+01
2.384792878624132584e+01
2.415855015036893505e+01
2.416169939097253661e+01
2.424223719272839617e+01
2.435528032062416059e+01
2.453274384348453196e+01
2.492696830948678510e+01
2.559792543568837075e+01
2.658259542402948128e+01
2.763186441586825737e+01
2.865801937682206812e+01
2.965799451615639271e+01
3.063131044702375760e+01
3.154429826529758429e+01
3.226505640475593140e+01
3.270958710237677280e+01
3.271409192404468769e+01
3.213224529921222938e+01
3.127495266182951283e+01
3.032818114899494688e+01
2.919710775667741487e+01
2.810535638205514175e+01
2.709113041981955305e+01
2.621117224625464104e+01
2.554020152475920469e+01
2.505218868637906127e+01
2.466057969951295803e+01
2.429478674204002075e+01
2.389206500514229603e+01
2.403111217026607704e+01
2.431915947156720748e+01
2.517579258247799601e+01
2.631876909344888560e+01
2.742385265112850590e+01
2.874407780817090341e+01
2.993156875143392170e+01
3.103781241171802918e+01
3.190884964058356843e+01
3.261857570078944946e+01
3.299038394293356902e+01
3.302564971243444347e+01
3.262033575108506511e+01
3.188161597814049131e+01
3.108117880374595998e+01
3.014587278166978734e+01
2.913949189954979957e+01
2.814669194873247449e+01
2.724506531649367957e+01
2.651226000725985443e+01
2.594929629079618749e+01
2.553188835593827477e+01
2.511470280153774581e+01
2.470267291345736993e+01
2.454591865846778020e+01
2.487952401330839081e+01
2.551971442836348558e+01
2.657951438556872858e+01
2.779970768894573041e+01
2.913217633464295986e+01
3.033990438663102651e+01
3.142364735635600326e+01
3.239726743516349217e+01
3.320380149032872907e+01
3.375337532894440074e+01
3.398641034930869864e+01
3.362120153023037261e+01
3.270555535687554283e+01
3.186793636886049441e+01
3.101993641058329843e+01
3.007300310645592134e+01
2.904848312690009848e+01
2.803798580787768557e+01
2.721397101789532869e+01
2.654716066490768256e+01
2.596872675114966000e+01
2.548048967818570887e+01
2.510205706044427743e+01
2.503882089469194483e+01
2.550955557866531365e+01
2.631740319078000567e+01
2.752956318592696050e+01
2.874307518252982874e+01
2.994753358015183409e+01
3.107232112515390554e+01
3.220633907332201318e+01
3.317181830370635964e+01
3.389932043164206732e+01
3.446690525453039555e+01
3.463588129721890141e+01
3.433749786043417629e+01
3.360029612135154053e+01
3.268925490399369949e+01
3.154985938517654631e+01
3.045561585533786442e+01
2.928964538445079313e+01
2.817179938816317275e+01
2.719430719076183678e+01
2.629006265258090735e+01
2.529875814252091359e+01
2.450151165214558802e+01
2.416843910888286118e+01
2.454028832859895104e+01
2.547891611573355419e+01
2.689095556672777576e+01
2.827271651575706102e+01
2.977994918007755487e+01
3.128834537843523833e+01
3.264088938395227757e+01
3.385600352114754941e+01
3.474158341718423770e+01
3.529148934440991781e+01
3.548975682680123356e+01
3.559021073114181632e+01
3.511886179751355996e+01
3.404391754397376957e+01
3.307978989982925810e+01
3.199156721559476324e+01
3.083981133663062124e+01
2.973524888802239019e+01
2.860205517399662511e+01
2.758048624084525358e+01
2.672038798763929179e+01
2.596165254372845865e+01
2.529387106632420767e+01
2.475809069880789792e+01
2.454304444154648124e+01
2.491917872813015222e+01
2.597747272873872149e+01
2.732994519583139237e+01
2.889500925612959037e+01
3.044388743167166567e+01
3.191476882121777692e+01
3.319771912723339824e+01
3.425078434144433004e+01
3.504792999139198173e+01
3.547926527968867561e+01
3.554453331482968537e+01
3.501188760609506545e+01
3.399236894331416181e+01
3.307537254603419541e+01
3.199514173460488919e+01
3.091898016660437065e+01
2.976733373567067886e+01
2.862784790068376140e+01
2.759187448285958055e+01
2.673169309038265595e+01
2.603956611564880674e+01
2.542341056666844423e+01
2.489710168238219978e+01
2.467701879671515997e+01
2.493296077674822442e+01
2.566878682943804080e+01
2.675886506632091510e+01
2.801691983213893167e+01
2.939255816821153644e+01
3.078383833679570003e+01
3.205773445480460992e+01
3.312112840407750980e+01
3.400883750190187982e+01
3.463356720371226061e+01
3.488754466164620283e+01
3.440866221553329041e+01
3.360177783658758699e+01
3.273195877132559417e+01
3.160308542564220247e+01
3.051287408366382792e+01
2.949639281094563614e+01
2.863985592004289771e+01
2.780861342974430883e+01
2.703007701986863509e+01
2.638676819962232756e+01
2.587311869211658077e+01
2.545189737019589060e+01
2.530037577818474048e+01
2.570931066377693597e+01
2.648056508369147721e+01
2.755710984429831711e+01
2.884402451005643542e+01
3.014986477608712434e+01
3.145061962897527152e+01
3.266948135933030528e+01
3.364268457057882955e+01
3.447726015178612613e+01
3.511146305863123729e+01
3.532540509342282320e+01
3.481016451777692566e+01
3.385449611482479781e+01
3.280052823275831031e+01
3.171941738197842753e+01
3.069597311976584919e+01
2.974456213621704492e+01
2.892190778106621352e+01
2.821771639912730123e+01
2.760311576510339648e+01
2.702622865461999169e+01
2.646740767728161359e+01
2.600956632647807965e+01
2.567907738091560432e+01
2.595106845235520865e+01
2.677812886902959733e+01
2.789207116070166848e+01
2.919516409820545277e+01
3.047232915445810164e+01
3.165634469383495642e+01
3.266682223806542140e+01
3.343748985236007343e+01
3.394362384903300978e+01
3.422625098003738486e+01
3.417408997174045027e+01
3.373924393259926546e+01
3.293985170520043937e+01
3.197694381268792441e+01
3.097957495459583299e+01
3.004641675393137490e+01
2.921487268013290972e+01
2.849112516180732513e+01
2.782283523231274458e+01
2.720003228166653741e+01
2.652573688288086373e+01
2.584206343706421904e+01
2.528515869165923391e+01
2.519699203654241160e+01
2.575527537796064337e+01
2.680774038362006806e+01
2.807946588758166584e+01
2.951134040702145001e+01
3.089198590396263100e+01
3.211843775182146032e+01
3.314362071198930693e+01
3.395624878410679770e+01
3.455675510125571748e+01
3.499210952325995549e+01
3.510352428532959124e+01
3.478984795211166414e+01
3.409194118552578345e+01
3.321507311558234221e+01
3.229126546662192254e+01
3.135126677901628867e+01
3.039826769769235426e+01
2.942783500743226455e+01
2.845186545758353702e+01
2.753535343935610058e+01
2.662546169326355283e+01
2.573687080433210639e+01
2.502485718208009047e+01
2.487144764650368245e+01
2.552406097160019627e+01
2.662589029916775019e+01
2.789883749513170486e+01
2.924156719897314716e+01
3.050647799166215179e+01
3.161191554654445923e+01
3.251572183496207202e+01
3.322671957018773270e+01
3.376941798484569546e+01
3.419097354177294079e+01
3.435772909828866517e+01
3.416112465451634961e+01
3.360016821054239244e+01
3.282249869976062939e+01
3.191646337554672641e+01
3.091057198193032107e+01
2.993311467306550711e+01
2.893222789019347374e+01
2.801160714218305259e+01
2.718050595190909036e+01
2.632373511871731253e+01
2.545232886881640511e+01
2.471567782721909978e+01
2.447168876476765575e+01
2.482589642105164174e+01
2.563550844711710042e+01
2.664390353202958650e+01
2.776478009146832804e+01
2.890772701640878495e+01
3.001278986386709846e+01
3.100133385708791778e+01
3.183498131900915595e+01
3.249020120902068953e+01
3.298885513202876751e+01
3.317791287813442125e+01
3.297358663374171073e+01
3.236555826266681635e+01
3.152160506958105657e+01
3.058583783442102799e+01
2.963413410314232976e+01
2.871127482458058466e+01
2.781860666292069340e+01
2.696207228309210180e+01
2.616583155054542686e+01
2.533846303776275377e+01
2.447430507881487216e+01
2.377439450755136718e+01
2.377040948861928982e+01
2.428428664203180887e+01
2.494638160180321762e+01
2.591984807364320176e+01
2.703294127059785978e+01
2.820043984179944729e+01
2.936935550830723329e+01
3.045092980819601891e+01
3.135969848478482902e+01
3.205083655839699475e+01
3.256463320992551758e+01
3.277262419932881699e+01
3.264155122524445574e+01
3.216146681005206887e+01
3.145707438608406648e+01
3.062733302263979596e+01
2.971151406822880503e+01
2.879544080014111174e+01
2.790918951247972402e+01
2.706381361111675687e+01
2.624705048016267739e+01
2.534698295516149003e+01
2.449193568766066065e+01
2.383840260041008108e+01
2.392521515362038897e+01
2.454431727419970954e+01
2.525173637765408685e+01
2.615026308340547700e+01
2.718423177743145303e+01
2.827634319658296391e+01
2.932915452332236228e+01
3.025112245203993666e+01
3.097816666880891390e+01
3.147209762054719207e+01
3.180784928676398593e+01
3.185287545311573609e+01
3.166272710289529968e+01
3.124295659107433210e+01
3.069078389946631802e+01
3.005592968200737403e+01
2.937486506311944723e+01
2.867145316323122373e+01
2.795239816664281207e+01
2.720739300236424896e+01
2.643422272070258927e+01
2.556467019020610110e+01
2.470098341885855220e+01
2.402140267891527259e+01
2.379069616095497608e+01
2.444682064600057103e+01
2.515848873791468776e+01
2.606998973558789601e+01
2.714470710062581205e+01
2.829534258948568137e+01
2.941578743168759402e+01
3.044176548789560144e+01
3.125828346057453899e+01
3.174317937478313212e+01
3.196427318139580720e+01
3.183737217935801311e+01
3.148854147793155889e+01
3.094769332026637443e+01
3.029076627656741749e+01
2.956258401264480895e+01
2.878118976123231931e+01
2.800754711857690538e+01
2.723266393538478169e+01
2.649857904048363721e+01
2.574471961405282983e+01
2.499701801555126934e+01
2.427196022993350510e+01
2.380108644666773543e+01
2.403242717933408557e+01
2.440007997791481031e+01
2.504077027025465085e+01
2.580592014155920566e+01
2.665319171813906252e+01
2.753961515507829105e+01
2.833511156093575423e+01
2.900029237836930562e+01
2.956425228390613569e+01
3.006902421778191226e+01
3.058903123816162051e+01
3.087970281909408499e+01
3.083817292574681090e+01
3.047076866707038789e+01
2.989525235266356162e+01
2.919572426591211212e+01
2.841272127185276730e+01
2.762795250934455638e+01
2.686694770892213668e+01
2.617424434862644844e+01
2.546601866308613182e+01
2.472859401654124056e+01
2.401739676395981959e+01
2.354455868715282563e+01
2.375619108100697829e+01
2.434933375670322064e+01
2.484191458207320125e+01
2.560505449316552529e+01
2.663425243093015382e+01
2.779802432069872253e+01
2.888266464353672092e+01
2.980024620285665904e+01
3.046755329438061111e+01
3.073633492511404341e+01
3.069781539996078124e+01
3.036751839902016314e+01
2.991297716502839776e+01
2.941646496790083276e+01
2.888057309657819616e+01
2.829711545331901945e+01
2.768369510303759640e+01
2.706763419117393710e+01
2.650639155286937054e+01
2.601518837272284301e+01
2.559634614662027374e+01
2.482315658834847127e+01
2.423025723089154582e+01
2.384856101400502837e+01
2.402399270980330570e+01
2.411584251590992878e+01
2.456180404685123975e+01
2.533731045184348574e+01
2.637349826867139058e+01
2.755882974045093192e+01
2.875522843736326450e+01
2.981937419186856886e+01
3.062427622002228489e+01
3.108437430639654764e+01
3.116644296685852922e+01
3.089222436251525039e+01
3.033027133947495813e+01
2.957523755668008647e+01
2.872671390872367780e+01
2.787108068848752396e+01
2.706380410098888234e+01
2.633204382307316749e+01
2.567314496186550699e+01
2.507691575902013525e+01
2.453288865036171273e+01
2.405040300763414862e+01
2.366266305772485623e+01
2.372219747374073151e+01
2.390887156495146826e+01
2.430787676213164872e+01
2.467122801920643482e+01
2.538890723249212300e+01
2.638461601512544163e+01
2.754161216296875736e+01
2.871817613312574480e+01
2.976677091223564275e+01
3.056078725761256365e+01
3.101159869937641389e+01
3.108716670861110387e+01
3.201006431507538963e+01
3.213442597293372671e+01
3.164147913343455798e+01
3.089474967911847614e+01
3.001703906109721842e+01
2.906930829514899983e+01
2.813256342565191659e+01
2.723350868367062816e+01
2.633417036428372526e+01
2.541796687404622190e+01
