2.251666666666666572e+01
2.179999999999999716e+01
2.314444444444444215e+01
2.665555555555555856e+01
2.902777777777777857e+01
3.090555555555555145e+01
3.178333333333332789e+01
3.317777777777777715e+01
3.426666666666667282e+01
3.542777777777777715e+01
3.564999999999999858e+01
3.602222222222222570e+01
3.578888888888889142e+01
3.514999999999999858e+01
3.343333333333333712e+01
3.012777777777777999e+01
2.676666666666666927e+01
2.527777777777777857e+01
2.384444444444444500e+01
2.222222222222222143e+01
2.134444444444444500e+01
2.106666666666666643e+01
1.989999999999999503e+01
2.011666666666666359e+01
1.916666666666666785e+01
1.909999999999999787e+01
2.152222222222221859e+01
2.580555555555555713e+01
2.963333333333333286e+01
3.147777777777777430e+01
3.247777777777777430e+01
3.350555555555555287e+01
3.464999999999999858e+01
3.519999999999999574e+01
3.578888888888889142e+01
3.571111111111110858e+01
3.598888888888888715e+01
3.554999999999999716e+01
3.351111111111110574e+01
3.128333333333333499e+01
3.039444444444443860e+01
2.892777777777777359e+01
2.786111111111111427e+01
2.710000000000000142e+01
2.620555555555555571e+01
2.501666666666666572e+01
2.367777777777778070e+01
2.252222222222222570e+01
2.164444444444444215e+01
2.106666666666666643e+01
2.311111111111110716e+01
2.656666666666666288e+01
2.940555555555555856e+01
3.135000000000000142e+01
3.241666666666666430e+01
3.377222222222222570e+01
3.458333333333333570e+01
3.521666666666666856e+01
3.610555555555555429e+01
3.598888888888888715e+01
3.566666666666666430e+01
3.496666666666666146e+01
3.341666666666667140e+01
3.148333333333333428e+01
2.976666666666666572e+01
2.906666666666666288e+01
2.806666666666666288e+01
2.689444444444444215e+01
2.577222222222222214e+01
2.474444444444444713e+01
2.365555555555555500e+01
2.252777777777777501e+01
2.190000000000000213e+01
2.182222222222222285e+01
2.326111111111111285e+01
2.570555555555555216e+01
2.782222222222221930e+01
2.981111111111111001e+01
3.170555555555555216e+01
3.292222222222222427e+01
3.383333333333333570e+01
3.502222222222222570e+01
3.533888888888888857e+01
3.439999999999999858e+01
3.447777777777778141e+01
3.364999999999999858e+01
3.245555555555555571e+01
3.127222222222222570e+01
2.945000000000000284e+01
2.847222222222222143e+01
2.752222222222222570e+01
2.656111111111111001e+01
2.577777777777777857e+01
2.511111111111111072e+01
2.445000000000000284e+01
2.408888888888888857e+01
2.408333333333332860e+01
2.416111111111110787e+01
2.470555555555555571e+01
2.618333333333333002e+01
2.806666666666666288e+01
3.034444444444444500e+01
3.206111111111111001e+01
3.308888888888888857e+01
3.357222222222222285e+01
3.444444444444444287e+01
3.485000000000000142e+01
3.491111111111111143e+01
3.425555555555555287e+01
3.353888888888889142e+01
3.183888888888888857e+01
3.046111111111110858e+01
2.883888888888888502e+01
2.772777777777777430e+01
2.709444444444444144e+01
2.624444444444444002e+01
2.531666666666666288e+01
2.481111111111111001e+01
2.397222222222222499e+01
2.340555555555555145e+01
2.328333333333333144e+01
2.306111111111111356e+01
2.440555555555555856e+01
2.651111111111110930e+01
2.833888888888889213e+01
2.993888888888888999e+01
3.181666666666666288e+01
3.305555555555555713e+01
3.361111111111110716e+01
3.445000000000000284e+01
3.466666666666667140e+01
3.469999999999999574e+01
3.368333333333333002e+01
3.317777777777777715e+01
3.150000000000000000e+01
2.978888888888889142e+01
2.883888888888888502e+01
2.805555555555555358e+01
2.742222222222222072e+01
2.650000000000000000e+01
2.578888888888888786e+01
2.505000000000000071e+01
2.442777777777777715e+01
2.385000000000000497e+01
2.362222222222222001e+01
2.376666666666666572e+01
2.451666666666666217e+01
2.627222222222222570e+01
2.792222222222222427e+01
2.974999999999999645e+01
3.123888888888889070e+01
3.247222222222222143e+01
3.361666666666666714e+01
3.458333333333333570e+01
3.524444444444444002e+01
3.546111111111110858e+01
3.542777777777777715e+01
3.475555555555555287e+01
3.329999999999999716e+01
3.144444444444443931e+01
3.048333333333333428e+01
2.960000000000000142e+01
2.863333333333333641e+01
2.776111111111110930e+01
2.692222222222221717e+01
2.605000000000000071e+01
2.576111111111111285e+01
2.556111111111111356e+01
2.551666666666666927e+01
2.530555555555555358e+01
2.594999999999999574e+01
2.740555555555555500e+01
2.866111111111111143e+01
3.048888888888888715e+01
3.213333333333333286e+01
3.338333333333333286e+01
3.462222222222222001e+01
3.578333333333333144e+01
3.639444444444444571e+01
3.612777777777777999e+01
3.612222222222222001e+01
3.543888888888888999e+01
3.338888888888888573e+01
3.129444444444444429e+01
2.989999999999999503e+01
2.873888888888889070e+01
2.778333333333333499e+01
2.703333333333333144e+01
2.632222222222221930e+01
2.562777777777777288e+01
2.501666666666666572e+01
2.438333333333333286e+01
2.387222222222222001e+01
2.362777777777777644e+01
2.443333333333333357e+01
2.645555555555555571e+01
2.842222222222222072e+01
3.018333333333333002e+01
3.193888888888888644e+01
3.335000000000000142e+01
3.446666666666666856e+01
3.536111111111111427e+01
3.592222222222221717e+01
3.644444444444444287e+01
3.626111111111110574e+01
3.564444444444443860e+01
3.382222222222221575e+01
3.170555555555555216e+01
3.073333333333332718e+01
2.983333333333333570e+01
2.913333333333333286e+01
2.837777777777777644e+01
2.766666666666666430e+01
2.691666666666666785e+01
2.623333333333333073e+01
2.575555555555555287e+01
2.540555555555555856e+01
2.503333333333333499e+01
2.579444444444444784e+01
2.698888888888888715e+01
2.768888888888888999e+01
2.809444444444444144e+01
2.888333333333332931e+01
3.008333333333333570e+01
3.124444444444444002e+01
3.263888888888888573e+01
3.366666666666666430e+01
3.412777777777777999e+01
3.413333333333333286e+01
3.363333333333333286e+01
3.214999999999999858e+01
3.123333333333333073e+01
3.011111111111111072e+01
2.916666666666666430e+01
2.786666666666666359e+01
2.638888888888888928e+01
2.526666666666666927e+01
2.446111111111111214e+01
2.414999999999999858e+01
2.408333333333332860e+01
2.392777777777777359e+01
2.389999999999999858e+01
2.426666666666666927e+01
2.507222222222221930e+01
2.602777777777777501e+01
2.775000000000000000e+01
2.927777777777777857e+01
3.083333333333333215e+01
3.211111111111110716e+01
3.320555555555555571e+01
3.318333333333333712e+01
3.041666666666666430e+01
2.559999999999999787e+01
2.443888888888888644e+01
2.411111111111111427e+01
2.418333333333333357e+01
2.417777777777777359e+01
2.436666666666666714e+01
2.422222222222221788e+01
2.397222222222222499e+01
2.400000000000000000e+01
2.406666666666666288e+01
2.420555555555555216e+01
2.426111111111111285e+01
2.420555555555555216e+01
2.412222222222222356e+01
2.430555555555555358e+01
2.547222222222221788e+01
2.689444444444444215e+01
2.816666666666666785e+01
2.894444444444443931e+01
2.998888888888889070e+01
2.952222222222222214e+01
2.373333333333333073e+01
2.429999999999999716e+01
2.497777777777777430e+01
2.636666666666666359e+01
2.687222222222222356e+01
2.588333333333333286e+01
2.508333333333333570e+01
2.442222222222221717e+01
2.421666666666666856e+01
2.392777777777777359e+01
2.425000000000000355e+01
2.430555555555555358e+01
2.446666666666666856e+01
2.488333333333333641e+01
2.516111111111111498e+01
2.542222222222222427e+01
2.561111111111110716e+01
2.593888888888888644e+01
2.683888888888888857e+01
2.815555555555555856e+01
2.987222222222222001e+01
3.107222222222222641e+01
3.204444444444444429e+01
3.298333333333333428e+01
3.389444444444444571e+01
3.466666666666667140e+01
3.493888888888888999e+01
3.473888888888888715e+01
3.371666666666666146e+01
3.176666666666666927e+01
3.026666666666666927e+01
2.911111111111111427e+01
2.755000000000000071e+01
2.655000000000000426e+01
2.571666666666666856e+01
2.514999999999999858e+01
2.496666666666666501e+01
2.490555555555555500e+01
2.473888888888888715e+01
2.443333333333333357e+01
2.394444444444443931e+01
2.435555555555555785e+01
2.598333333333333073e+01
2.816666666666666785e+01
2.997777777777777430e+01
3.099444444444444713e+01
3.281666666666666288e+01
3.369444444444444997e+01
3.461111111111110716e+01
3.493333333333333002e+01
3.526666666666666572e+01
3.485000000000000142e+01
3.409999999999999432e+01
3.266666666666666430e+01
3.114999999999999503e+01
3.020555555555555571e+01
2.895555555555555571e+01
2.778333333333333499e+01
2.682222222222222285e+01
2.613333333333333641e+01
2.579444444444444784e+01
2.562777777777777288e+01
2.554999999999999716e+01
2.513333333333332931e+01
2.473333333333333073e+01
2.517222222222222427e+01
2.664999999999999858e+01
2.800555555555555287e+01
3.004444444444444429e+01
3.163888888888888928e+01
3.323333333333332718e+01
3.414999999999999858e+01
3.494444444444444997e+01
3.566111111111111143e+01
3.607777777777777573e+01
3.602777777777777146e+01
3.552222222222221859e+01
3.376111111111110574e+01
3.156111111111111001e+01
3.090555555555555145e+01
3.003333333333333499e+01
2.885555555555555429e+01
2.764999999999999858e+01
2.667222222222222427e+01
2.628333333333333499e+01
2.598333333333333073e+01
2.561111111111110716e+01
2.533333333333332860e+01
2.521111111111110858e+01
2.588333333333333286e+01
2.760000000000000142e+01
2.919444444444444287e+01
3.135000000000000142e+01
3.256666666666666998e+01
3.375000000000000000e+01
3.468888888888888999e+01
3.584444444444444144e+01
3.641666666666666430e+01
3.658888888888888857e+01
3.678333333333333144e+01
3.602222222222222570e+01
3.463333333333333286e+01
3.287222222222222001e+01
3.155555555555555358e+01
2.988333333333333641e+01
2.889444444444444571e+01
2.756111111111111001e+01
2.655555555555555358e+01
2.590555555555555145e+01
2.517222222222222427e+01
2.397777777777777430e+01
2.363333333333333641e+01
2.438333333333333286e+01
2.639999999999999858e+01
2.866111111111111143e+01
3.117777777777778070e+01
3.248888888888888715e+01
3.428888888888888431e+01
3.579999999999999716e+01
3.678888888888888431e+01
3.768333333333333002e+01
3.780000000000000426e+01
3.756666666666666998e+01
3.694444444444444287e+01
3.681666666666666288e+01
3.501111111111110574e+01
3.252777777777777857e+01
3.182222222222222285e+01
3.044444444444444287e+01
2.914444444444443860e+01
2.814999999999999858e+01
2.695000000000000284e+01
2.618888888888888999e+01
2.570555555555555216e+01
2.518333333333333002e+01
2.472777777777778141e+01
2.449999999999999645e+01
2.503333333333333499e+01
2.678888888888888786e+01
2.943888888888888644e+01
3.147777777777777430e+01
3.353888888888889142e+01
3.505000000000000426e+01
3.633888888888888857e+01
3.718333333333333712e+01
3.769999999999999574e+01
3.789999999999999858e+01
3.747777777777777430e+01
3.668888888888888999e+01
3.476111111111110574e+01
3.260555555555555429e+01
3.192777777777777715e+01
3.046666666666666856e+01
2.939999999999999858e+01
2.807222222222222285e+01
2.696111111111111214e+01
2.616666666666666430e+01
2.571666666666666856e+01
2.541666666666666430e+01
2.497777777777777430e+01
2.466111111111111143e+01
2.515555555555555500e+01
2.652222222222221859e+01
2.837777777777777644e+01
3.029444444444444429e+01
3.194444444444444287e+01
3.359444444444444144e+01
3.502222222222222570e+01
3.602222222222222570e+01
3.659444444444444855e+01
3.707222222222222285e+01
3.708333333333333570e+01
3.647222222222222143e+01
3.428333333333333144e+01
3.271111111111110858e+01
3.169444444444444287e+01
2.996111111111111569e+01
2.896111111111110858e+01
2.811666666666666714e+01
2.763333333333332931e+01
2.686111111111110716e+01
2.620555555555555571e+01
2.587777777777777644e+01
2.566666666666666785e+01
2.546111111111110858e+01
2.593888888888888644e+01
2.765555555555555500e+01
2.927222222222221859e+01
3.106111111111111001e+01
3.283888888888888857e+01
3.418888888888888999e+01
3.547777777777777430e+01
3.650555555555555287e+01
3.690555555555555856e+01
3.741666666666666430e+01
3.758333333333333570e+01
3.681666666666666288e+01
3.460000000000000142e+01
3.261666666666666003e+01
3.133333333333333570e+01
3.018888888888888999e+01
2.929999999999999716e+01
2.851666666666666572e+01
2.799444444444444358e+01
2.756666666666666998e+01
2.716111111111111143e+01
2.667222222222222427e+01
2.615555555555555500e+01
2.593333333333333712e+01
2.590000000000000213e+01
2.757777777777777573e+01
2.969999999999999574e+01
3.148333333333333428e+01
3.322777777777778141e+01
3.444444444444444287e+01
3.541111111111110432e+01
3.601666666666666572e+01
3.622777777777777430e+01
3.611666666666666714e+01
3.587777777777777288e+01
3.504444444444444429e+01
3.371666666666666146e+01
3.206666666666666288e+01
3.072222222222222143e+01
2.964444444444444215e+01
2.886111111111111072e+01
2.826666666666666217e+01
2.779444444444444429e+01
2.725555555555555642e+01
2.673888888888888715e+01
2.594444444444444642e+01
2.523888888888889070e+01
2.497777777777777430e+01
2.598333333333333073e+01
2.804999999999999716e+01
3.025555555555555287e+01
3.203888888888889142e+01
3.384444444444444144e+01
3.510555555555555429e+01
3.597222222222222143e+01
3.652777777777777857e+01
3.684444444444444144e+01
3.695000000000000284e+01
3.699999999999999289e+01
3.635555555555555429e+01
3.505000000000000426e+01
3.345555555555555571e+01
3.216111111111111143e+01
3.112777777777777644e+01
3.014999999999999858e+01
2.916666666666666430e+01
2.815555555555555856e+01
2.716666666666666785e+01
2.638888888888888928e+01
2.549444444444444358e+01
2.465555555555555145e+01
2.435555555555555785e+01
2.550555555555555287e+01
2.803888888888888786e+01
3.018888888888888999e+01
3.186111111111110716e+01
3.336666666666666714e+01
3.445000000000000284e+01
3.518333333333333002e+01
3.561666666666666714e+01
3.587777777777777288e+01
3.602777777777777146e+01
3.616666666666666430e+01
3.573888888888888715e+01
3.469444444444444287e+01
3.328333333333333144e+01
3.199999999999999645e+01
3.079444444444444784e+01
2.955555555555555713e+01
2.864444444444444571e+01
2.758888888888888502e+01
2.685555555555555785e+01
2.623333333333333073e+01
2.531666666666666288e+01
2.441111111111110787e+01
2.398888888888889070e+01
2.489444444444444571e+01
2.664444444444443860e+01
2.851666666666666572e+01
2.998888888888889070e+01
3.137222222222222001e+01
3.256666666666666998e+01
3.358333333333333570e+01
3.429999999999999716e+01
3.477222222222222570e+01
3.501111111111110574e+01
3.514444444444444571e+01
3.461111111111110716e+01
3.348888888888888715e+01
3.193888888888888644e+01
3.054444444444444429e+01
2.939444444444444215e+01
2.840555555555555145e+01
2.755000000000000071e+01
2.672777777777777786e+01
2.595555555555555571e+01
2.530000000000000426e+01
2.439999999999999858e+01
2.344999999999999574e+01
2.313333333333333286e+01
2.376111111111110930e+01
2.548333333333333428e+01
2.748333333333333073e+01
2.918333333333333357e+01
3.062222222222222356e+01
3.191666666666666785e+01
3.308888888888888857e+01
3.396666666666666856e+01
3.447222222222222143e+01
3.465555555555555145e+01
3.475555555555555287e+01
3.425000000000000000e+01
3.332777777777777573e+01
3.203333333333333144e+01
3.080555555555555713e+01
2.968333333333333712e+01
2.856666666666666643e+01
2.764999999999999858e+01
2.683333333333333215e+01
2.608333333333333570e+01
2.533333333333332860e+01
2.423888888888888715e+01
2.348888888888889070e+01
2.330555555555555713e+01
2.412777777777777999e+01
2.598888888888888715e+01
2.789444444444443860e+01
2.923888888888888715e+01
3.058888888888888857e+01
3.181666666666666288e+01
3.277777777777777857e+01
3.339444444444444571e+01
3.366666666666666430e+01
3.361666666666666714e+01
3.358333333333333570e+01
3.295000000000000284e+01
3.221111111111111569e+01
3.125555555555555642e+01
3.039444444444443860e+01
2.956666666666666643e+01
2.877777777777777501e+01
2.802222222222221859e+01
2.726666666666666572e+01
2.646111111111110858e+01
2.562222222222222356e+01
2.452777777777777857e+01
2.367777777777778070e+01
2.342777777777777715e+01
2.424444444444444358e+01
2.597777777777778141e+01
2.781111111111111001e+01
2.918888888888888999e+01
3.064444444444444215e+01
3.197222222222222143e+01
3.302222222222221859e+01
3.382777777777777573e+01
3.415555555555555856e+01
3.386666666666666003e+01
3.347222222222222143e+01
3.253333333333333144e+01
3.166666666666666430e+01
3.067777777777777715e+01
2.974999999999999645e+01
2.885555555555555429e+01
2.794999999999999929e+01
2.719444444444444642e+01
2.641666666666666430e+01
2.577777777777777857e+01
2.497777777777777430e+01
2.424444444444444358e+01
2.357222222222222641e+01
2.369444444444444642e+01
2.457222222222222285e+01
2.625000000000000000e+01
2.752777777777777501e+01
2.858333333333333570e+01
2.962222222222221646e+01
3.059999999999999787e+01
3.118333333333333002e+01
3.154444444444444429e+01
3.187222222222222356e+01
3.223888888888888715e+01
3.279444444444444429e+01
3.255000000000000426e+01
3.173333333333333428e+01
3.060555555555555785e+01
2.954444444444444784e+01
2.855555555555555713e+01
2.757777777777777573e+01
2.678888888888888786e+01
2.608333333333333570e+01
2.554999999999999716e+01
2.480555555555555713e+01
2.400000000000000000e+01
2.335000000000000142e+01
2.343333333333333712e+01
2.425000000000000355e+01
2.573333333333332718e+01
2.698333333333332718e+01
2.837777777777777644e+01
3.002777777777777501e+01
3.150555555555555287e+01
3.240555555555555145e+01
3.293333333333333002e+01
3.301666666666667282e+01
3.235555555555555429e+01
3.159999999999999787e+01
3.058888888888888857e+01
2.984444444444444144e+01
2.925000000000000355e+01
2.862222222222222001e+01
2.792777777777777359e+01
2.724444444444444713e+01
2.662222222222222356e+01
2.618888888888888999e+01
2.586111111111110716e+01
2.561111111111110716e+01
2.401111111111110930e+01
2.383888888888888502e+01
2.394999999999999929e+01
2.443333333333333357e+01
2.532222222222221930e+01
2.659444444444444500e+01
2.813888888888889284e+01
2.978333333333333144e+01
3.131666666666666998e+01
3.253888888888888431e+01
3.329444444444444429e+01
3.349444444444444713e+01
3.314999999999999858e+01
3.235000000000000142e+01
3.124444444444444002e+01
3.001111111111110930e+01
2.880555555555555003e+01
2.773888888888889070e+01
2.686666666666666714e+01
2.617222222222222072e+01
2.561666666666666714e+01
2.512777777777777999e+01
2.467777777777777715e+01
2.425555555555555287e+01
2.391666666666666430e+01
2.375000000000000000e+01
2.386111111111111072e+01
2.434444444444444144e+01
2.523888888888889070e+01
2.651111111111110930e+01
2.805555555555555358e+01
2.969999999999999574e+01
3.123333333333333073e+01
3.245555555555555571e+01
3.320555555555555571e+01
3.340555555555555145e+01
3.305555555555555713e+01
3.225555555555555287e+01
3.515555555555555856e+01
3.341666666666667140e+01
3.148333333333333428e+01
3.014444444444444571e+01
2.896111111111110858e+01
2.784999999999999787e+01
2.693888888888888644e+01
2.612777777777777644e+01
2.522777777777777430e+01
2.427222222222221859e+01
2.378888888888888431e+01
